A(2,2,4,4) local obstruction analysis on K3 surface tuples
input=data/surface_tuples_B2000.txt
tuples=105
primes=[3, 5, 7, 11, 13, 17, 19, 23, 29, 31, 37, 41, 43, 47]

Criterion at good reduction:
For squared branch residues A,B,C,D, an ordering satisfies A2244 iff the four cross-differences for some 2+2 partition have the same quadratic character.
The three partitions tested are 12|34, 13|24, 14|23. Zero character indicates bad/repeated reduction for this criterion.

Per-prime incidence on rational K3 tuples:
p good degenerate possible obstructs
3 0 105 105 0
5 0 105 82 23
7 0 105 66 39
11 23 82 37 68
13 30 75 77 28
17 65 40 52 53
19 52 53 44 61
23 56 49 30 75
29 83 22 35 70
31 74 31 48 57
37 93 12 25 80
41 86 19 31 74
43 93 12 37 68
47 94 11 29 76

First obstruction distribution in prime order:
5 23
7 27
11 38
13 3
17 7
19 2
23 4
29 1

Minimal prime subsets covering all tuple obstructions:
11 29 31

Finite-field S(F_p) nondegenerate A2244-lift density:
p signed_total signed_good signed_good_possible classes_total classes_good classes_good_possible
3 6 0 0 1 0 0
5 60 0 0 3 0 0
7 198 0 0 9 0 0
11 1070 240 0 40 5 0
13 1620 288 288 36 3 3
17 3920 1920 768 100 24 8
19 4950 1728 432 153 36 9
23 10230 5280 0 275 110 0
29 21252 12768 4032 441 196 42
31 26190 16560 5040 660 345 105

Representative good-reduction obstruction patterns, grouped by prime.
Format: p count patterns_for_partitions_12|34_13|24_14|23. Characters are -1 nonsquare, 1 square.
p=11
  4 ((1, -1, -1, 1), (-1, -1, 1, -1), (-1, 1, -1, 1))
  3 ((1, 1, -1, 1), (-1, 1, 1, -1), (-1, 1, -1, 1))
  2 ((1, 1, -1, -1), (-1, 1, 1, 1), (-1, 1, 1, -1))
  2 ((1, 1, -1, -1), (-1, 1, 1, -1), (-1, 1, 1, 1))
  2 ((-1, 1, 1, -1), (1, 1, -1, 1), (1, -1, 1, -1))
  2 ((-1, 1, 1, -1), (-1, 1, -1, -1), (-1, -1, 1, 1))
  2 ((-1, 1, -1, 1), (-1, 1, 1, -1), (-1, -1, -1, 1))
  1 ((1, -1, 1, 1), (1, -1, -1, 1), (1, 1, -1, -1))
p=17
  9 ((-1, 1, -1, 1), (-1, 1, -1, 1), (-1, -1, 1, 1))
  8 ((1, 1, -1, -1), (1, 1, -1, -1), (1, 1, -1, -1))
  7 ((-1, -1, 1, 1), (1, -1, 1, -1), (1, -1, 1, -1))
  5 ((1, -1, 1, -1), (-1, -1, 1, 1), (-1, 1, -1, 1))
  3 ((-1, 1, 1, 1), (-1, 1, 1, -1), (-1, -1, 1, -1))
  2 ((1, 1, 1, -1), (-1, 1, 1, -1), (-1, 1, -1, -1))
  2 ((1, -1, 1, 1), (-1, -1, 1, -1), (-1, 1, 1, -1))
  1 ((1, 1, -1, 1), (-1, 1, -1, -1), (-1, 1, 1, -1))
p=19
  4 ((1, -1, 1, -1), (1, -1, -1, 1), (1, 1, 1, -1))
  3 ((1, 1, 1, -1), (-1, 1, -1, -1), (-1, 1, 1, 1))
  3 ((1, 1, -1, 1), (1, 1, 1, -1), (1, 1, -1, 1))
  3 ((-1, 1, 1, 1), (1, 1, -1, 1), (1, -1, -1, -1))
  3 ((-1, -1, -1, 1), (1, -1, 1, 1), (1, -1, -1, -1))
  2 ((1, 1, 1, -1), (1, 1, -1, 1), (1, 1, 1, -1))
  2 ((1, -1, 1, 1), (1, -1, -1, -1), (1, 1, -1, 1))
  2 ((1, -1, -1, -1), (1, -1, 1, 1), (1, 1, 1, -1))
p=23
  5 ((1, 1, 1, -1), (-1, 1, -1, 1), (-1, 1, 1, -1))
  5 ((-1, 1, -1, -1), (1, 1, 1, -1), (1, -1, 1, 1))
  3 ((1, 1, 1, -1), (1, 1, -1, 1), (1, 1, 1, -1))
  3 ((1, -1, 1, 1), (1, -1, -1, -1), (1, 1, -1, 1))
  3 ((1, -1, 1, 1), (-1, -1, -1, 1), (-1, 1, -1, -1))
  3 ((-1, 1, -1, -1), (-1, 1, 1, -1), (-1, -1, 1, 1))
  3 ((-1, -1, -1, 1), (1, -1, 1, 1), (1, -1, -1, -1))
  2 ((1, 1, -1, 1), (1, 1, 1, -1), (1, 1, -1, 1))
p=29
  7 ((-1, 1, -1, -1), (1, 1, -1, 1), (1, -1, -1, 1))
  4 ((1, 1, -1, 1), (1, 1, -1, -1), (1, 1, 1, -1))
  3 ((1, 1, -1, 1), (-1, 1, -1, 1), (-1, 1, 1, 1))
  3 ((1, 1, -1, 1), (-1, 1, -1, -1), (-1, 1, 1, -1))
  3 ((1, 1, -1, -1), (1, 1, -1, 1), (1, 1, -1, 1))
  3 ((1, -1, 1, 1), (-1, -1, 1, 1), (-1, 1, 1, 1))
  3 ((-1, 1, 1, -1), (-1, 1, 1, 1), (-1, -1, -1, 1))
  2 ((1, 1, -1, -1), (-1, 1, -1, 1), (-1, 1, -1, 1))
p=31
  5 ((1, -1, 1, -1), (-1, -1, -1, 1), (-1, 1, 1, -1))
  5 ((1, -1, -1, 1), (-1, -1, 1, -1), (-1, 1, -1, 1))
  3 ((1, -1, 1, -1), (1, -1, -1, 1), (1, 1, 1, -1))
  3 ((1, -1, -1, -1), (1, -1, 1, 1), (1, 1, 1, -1))
  3 ((-1, -1, -1, 1), (1, -1, 1, 1), (1, -1, -1, -1))
  2 ((1, 1, -1, 1), (-1, 1, 1, -1), (-1, 1, -1, 1))
  2 ((1, 1, -1, -1), (-1, 1, 1, -1), (-1, 1, 1, 1))
  2 ((1, -1, -1, -1), (-1, -1, 1, -1), (-1, 1, 1, 1))
p=37
  4 ((1, 1, -1, 1), (-1, 1, -1, -1), (-1, 1, 1, -1))
  4 ((1, -1, 1, -1), (-1, -1, 1, 1), (-1, 1, -1, 1))
  4 ((1, -1, -1, -1), (1, -1, -1, 1), (1, 1, -1, 1))
  4 ((-1, -1, 1, -1), (1, -1, 1, -1), (1, -1, -1, -1))
  3 ((1, 1, -1, -1), (1, 1, -1, -1), (1, 1, -1, -1))
  3 ((1, -1, 1, -1), (-1, -1, 1, -1), (-1, 1, -1, -1))
  3 ((1, -1, -1, 1), (1, -1, -1, -1), (1, 1, 1, -1))
  3 ((1, -1, -1, 1), (-1, -1, -1, 1), (-1, 1, 1, 1))
p=41
  6 ((-1, 1, -1, -1), (1, 1, -1, 1), (1, -1, -1, 1))
  4 ((-1, 1, 1, -1), (-1, 1, 1, 1), (-1, -1, -1, 1))
  3 ((1, 1, 1, -1), (1, 1, 1, -1), (1, 1, -1, -1))
  3 ((1, 1, -1, 1), (-1, 1, -1, 1), (-1, 1, 1, 1))
  3 ((1, -1, -1, -1), (1, -1, -1, -1), (1, 1, -1, -1))
  3 ((1, -1, -1, -1), (-1, -1, -1, 1), (-1, 1, -1, 1))
  3 ((-1, 1, -1, 1), (-1, 1, -1, -1), (-1, -1, 1, -1))
  3 ((-1, -1, 1, 1), (1, -1, 1, 1), (1, -1, 1, 1))
p=43
  6 ((-1, -1, 1, -1), (1, -1, -1, 1), (1, -1, 1, -1))
  4 ((1, 1, 1, -1), (1, 1, -1, 1), (1, 1, 1, -1))
  4 ((1, -1, 1, 1), (1, -1, -1, -1), (1, 1, -1, 1))
  3 ((1, -1, 1, 1), (1, -1, -1, 1), (1, 1, -1, -1))
  3 ((1, -1, -1, 1), (-1, -1, 1, 1), (-1, 1, -1, -1))
  3 ((-1, 1, 1, 1), (-1, 1, -1, -1), (-1, -1, -1, 1))
  3 ((-1, 1, 1, -1), (1, 1, -1, 1), (1, -1, 1, -1))
  3 ((-1, 1, 1, -1), (-1, 1, -1, 1), (-1, -1, 1, -1))
p=47
  5 ((-1, -1, 1, -1), (-1, -1, -1, 1), (-1, -1, 1, -1))
  4 ((1, -1, 1, 1), (1, -1, -1, -1), (1, 1, -1, 1))
  4 ((1, -1, 1, 1), (-1, -1, -1, 1), (-1, 1, -1, -1))
  4 ((1, -1, 1, -1), (1, -1, -1, 1), (1, 1, 1, -1))
  4 ((1, -1, -1, 1), (1, -1, 1, -1), (1, 1, -1, 1))
  4 ((1, -1, -1, 1), (-1, -1, 1, 1), (-1, 1, -1, -1))
  4 ((-1, -1, 1, 1), (1, -1, -1, 1), (1, -1, -1, -1))
  3 ((1, 1, 1, -1), (-1, 1, -1, 1), (-1, 1, 1, -1))
