Finite extra-root algebraic contact sieve
prime_bound 31
p 5 contact 0 good 0 finite66 0 zero_f1_polys 6 a=-3 0 b=-3 0
 samples []
p 7 contact 38 good 0 finite66 0 zero_f1_polys 28 a=-3 10 b=-3 10
 samples []
p 11 contact 114 good 68 finite66 68 zero_f1_polys 20 a=-3 18 b=-3 18
 samples [
<1, 2, 4, 7, 1, 7, 3, [ 2, 2, 6, 6 ]>,
<1, 2, 6, 6, 2, 0, 10, [ 2, 2, 6, 6 ]>,
<1, 2, 6, 6, 9, 0, 10, [ 2, 2, 6, 6 ]>,
<1, 2, 4, 7, 10, 7, 3, [ 2, 2, 6, 6 ]>,
<1, 3, 7, 4, 2, 2, 4, [ 2, 2, 6, 6 ]>
]
p 13 contact 268 good 144 finite66 144 zero_f1_polys 36 a=-3 32 b=-3 32
 samples [
<1, 2, 3, 3, 2, 0, 5, [ 2, 2, 6, 6 ]>,
<1, 2, 3, 3, 3, 0, 8, [ 2, 2, 6, 6 ]>,
<1, 2, 3, 3, 10, 0, 8, [ 2, 2, 6, 6 ]>,
<1, 2, 3, 3, 11, 0, 5, [ 2, 2, 6, 6 ]>,
<1, 3, 1, 9, 2, 2, 6, [ 2, 2, 6, 6 ]>
]
p 17 contact 290 good 94 finite66 94 zero_f1_polys 42 a=-3 38 b=-3 38
 samples [
<1, 3, 2, 16, 4, 4, 3, [ 2, 6, 24 ]>,
<1, 3, 2, 16, 6, 2, 2, [ 2, 6, 24 ]>,
<1, 3, 2, 16, 11, 2, 2, [ 2, 6, 24 ]>,
<1, 3, 2, 16, 13, 4, 3, [ 2, 6, 24 ]>,
<1, 4, 0, 4, 6, 3, 12, [ 2, 6, 24 ]>
]
p 19 contact 856 good 408 finite66 408 zero_f1_polys 36 a=-3 56 b=-3 56
 samples [
<1, 2, 8, 13, 6, 0, 8, [ 2, 6, 24 ]>,
<1, 2, 9, 3, 8, 3, 14, [ 2, 6, 30 ]>,
<1, 2, 9, 3, 8, 16, 5, [ 2, 6, 30 ]>,
<1, 2, 8, 13, 9, 16, 14, [ 2, 6, 24 ]>,
<1, 2, 8, 13, 10, 16, 14, [ 2, 6, 24 ]>
]
p 23 contact 638 good 308 finite66 308 zero_f1_polys 70 a=-3 50 b=-3 50
 samples [
<1, 2, 14, 14, 7, 15, 22, [ 2, 2, 12, 12 ]>,
<1, 2, 13, 3, 7, 18, 13, [ 2, 12, 24 ]>,
<1, 2, 13, 3, 8, 10, 10, [ 2, 12, 24 ]>,
<1, 2, 13, 3, 15, 10, 10, [ 2, 12, 24 ]>,
<1, 2, 14, 14, 16, 15, 22, [ 2, 2, 12, 12 ]>
]
p 29 contact 1120 good 502 finite66 502 zero_f1_polys 98 a=-3 102 b=-3 102
 samples [
<1, 2, 7, 9, 3, 18, 11, [ 2, 6, 72 ]>,
<1, 2, 17, 4, 8, 18, 14, [ 2, 6, 72 ]>,
<1, 2, 10, 22, 11, 18, 11, [ 2, 2, 18, 18 ]>,
<1, 2, 17, 4, 12, 22, 26, [ 2, 6, 72 ]>,
<1, 2, 7, 9, 13, 28, 18, [ 2, 6, 72 ]>
]
p 31 contact 3776 good 3046 finite66 3046 zero_f1_polys 72 a=-3 126 b=-3 126
 samples [
<1, 2, 18, 20, 1, 3, 11, [ 2, 6, 6, 18 ]>,
<1, 2, 18, 20, 1, 7, 30, [ 2, 6, 6, 18 ]>,
<1, 2, 24, 17, 1, 8, 7, [ 2, 6, 84 ]>,
<1, 2, 18, 20, 1, 21, 14, [ 2, 6, 6, 18 ]>,
<1, 2, 24, 17, 2, 0, 17, [ 2, 6, 84 ]>
]
