5 -1 5 0 1 2 3 4
5 1 5 0 1 2 3 4
7 -1 7 0 1 2 3 4 5 6
7 1 7 0 1 2 3 4 5 6
11 -1 9 0 1 2 3 5 6 8 9 10
11 1 9 0 1 3 4 5 6 7 8 10
13 -1 13 0 1 2 3 4 5 6 7 8 9 10 11 12
13 1 13 0 1 2 3 4 5 6 7 8 9 10 11 12
17 -1 5 0 1 3 14 16
17 1 5 0 1 3 14 16
19 -1 15 0 1 2 3 4 5 6 8 11 13 14 15 16 17 18
19 1 15 0 1 2 3 4 7 8 9 10 11 12 15 16 17 18
23 -1 13 0 1 3 4 5 7 8 15 16 18 19 20 22
23 1 13 0 1 3 4 5 7 9 14 16 18 19 20 22
29 -1 15 0 1 3 4 5 9 10 14 15 19 20 24 25 26 28
29 1 15 0 1 3 6 8 9 10 11 18 19 20 21 23 26 28
31 -1 21 0 1 2 3 6 7 9 10 11 14 15 16 17 20 21 22 24 25 28 29 30
31 1 21 0 1 2 3 4 6 9 10 11 14 15 16 17 20 21 22 25 27 28 29 30
37 -1 17 0 1 2 3 7 12 13 15 16 21 22 24 25 30 34 35 36
37 1 17 0 1 3 9 11 14 15 16 17 20 21 22 23 26 28 34 36
41 -1 13 0 1 2 3 13 16 19 22 25 28 38 39 40
41 1 13 0 1 2 3 13 16 19 22 25 28 38 39 40
43 -1 21 0 1 3 4 7 9 10 13 14 15 17 26 28 29 30 33 34 36 39 40 42
43 1 21 0 1 3 4 9 10 13 14 15 17 18 25 26 28 29 30 33 34 39 40 42
47 -1 23 0 1 3 5 8 10 11 12 15 16 18 20 27 29 31 32 35 36 37 39 42 44 46
47 1 23 0 1 3 4 5 8 9 10 12 18 19 21 26 28 29 35 37 38 39 42 43 44 46
53 -1 19 0 1 3 5 8 11 13 17 20 25 28 33 36 40 42 45 48 50 52
53 1 19 0 1 2 3 7 10 12 19 22 24 29 31 34 41 43 46 50 51 52
59 -1 21 0 1 2 3 6 7 10 11 13 26 29 30 33 46 48 49 52 53 56 57 58
59 1 21 0 1 3 6 8 11 16 18 27 28 29 30 31 32 41 43 48 51 53 56 58
61 -1 33 0 1 2 3 4 7 8 9 11 12 16 17 21 22 23 24 27 34 37 38 39 40 44 45 49 50 52 53 54 57 58 59 60
61 1 33 0 1 3 4 7 8 14 15 16 17 20 23 24 26 27 28 29 32 33 34 35 37 38 41 44 45 46 47 53 54 57 58 60
67 -1 33 0 1 3 4 6 8 11 12 13 14 20 21 24 25 27 30 33 34 37 40 42 43 46 47 53 54 55 56 59 61 63 64 66
67 1 33 0 1 3 5 6 8 15 16 17 18 19 20 24 25 26 30 33 34 37 41 42 43 47 48 49 50 51 52 59 61 62 64 66
71 -1 23 0 1 3 4 8 14 16 19 23 28 30 33 38 41 43 48 52 55 57 63 67 68 70
71 1 23 0 1 3 7 13 15 17 22 26 27 28 31 40 43 44 45 49 54 56 58 64 68 70
73 -1 33 0 1 2 3 4 5 8 9 17 20 21 23 26 28 30 33 34 39 40 43 45 47 50 52 53 56 64 65 68 69 70 71 72
73 1 33 0 1 3 14 16 17 19 20 21 22 24 27 28 31 33 34 35 38 39 40 42 45 46 49 51 52 53 54 56 57 59 70 72
79 -1 19 0 1 3 8 9 12 17 32 33 37 42 46 47 62 67 70 71 76 78
79 1 19 0 1 3 17 20 26 30 32 36 37 42 43 47 49 53 59 62 76 78
83 -1 15 0 1 3 7 13 22 27 32 51 56 61 70 76 80 82
83 1 15 0 1 3 13 19 36 37 39 44 46 47 64 70 80 82
89 -1 21 0 1 2 3 5 23 28 34 41 42 43 46 47 48 55 61 66 84 86 87 88
89 1 21 0 1 2 3 4 13 16 19 35 39 43 46 50 54 70 73 76 85 86 87 88
97 -1 41 0 1 3 4 5 10 16 20 22 23 24 26 27 28 29 30 35 38 39 41 47 50 56 58 59 62 67 68 69 70 71 73 74 75 77 81 87 92 93 94 96
97 1 41 0 1 2 3 5 10 11 12 15 17 18 19 20 25 26 28 29 30 31 38 43 54 59 66 67 68 69 71 72 77 78 79 80 82 85 86 87 92 94 95 96
101 -1 27 0 1 3 13 16 20 22 25 27 33 34 36 37 49 52 64 65 67 68 74 76 79 81 85 88 98 100
101 1 27 0 1 2 3 8 9 11 12 15 32 42 44 45 46 55 56 57 59 69 86 89 90 92 93 98 99 100
103 -1 45 0 1 2 3 5 6 8 9 10 13 14 15 19 21 31 33 37 39 41 43 45 47 49 54 56 58 60 62 64 66 70 72 82 84 88 89 90 93 94 95 97 98 100 101 102
103 1 45 0 1 3 8 10 11 14 15 20 24 28 30 34 35 36 37 39 40 41 44 48 50 51 52 53 55 59 62 63 64 66 67 68 69 73 75 79 83 88 89 92 93 95 100 102
107 -1 27 0 1 3 12 14 15 18 19 22 23 25 34 45 47 60 62 73 82 84 85 88 89 92 93 95 104 106
107 1 27 0 1 3 5 16 17 18 27 28 38 41 42 43 50 57 64 65 66 69 79 80 89 90 91 102 104 106
109 -1 41 0 1 3 4 6 8 16 17 18 20 28 30 31 38 41 42 44 46 47 49 52 57 60 62 63 65 67 68 71 78 79 81 89 91 92 93 101 103 105 106 108
109 1 41 0 1 3 4 7 11 13 14 18 20 21 23 24 26 28 38 39 44 47 49 54 55 60 62 65 70 71 81 83 85 86 88 89 91 95 96 98 102 105 106 108
113 -1 29 0 1 3 6 10 11 22 32 35 38 39 42 46 48 53 60 65 67 71 74 75 78 81 91 102 103 107 110 112
113 1 29 0 1 3 5 7 8 9 10 11 13 17 26 32 46 56 57 67 81 87 96 100 102 103 104 105 106 108 110 112
127 -1 55 0 1 3 4 9 10 11 13 15 22 27 33 34 37 38 39 40 41 44 45 47 48 52 53 56 57 60 61 66 67 70 71 74 75 79 80 82 83 86 87 88 89 90 93 94 100 105 112 114 116 117 118 123 124 126
127 1 55 0 1 3 8 10 13 14 17 19 20 23 25 29 30 31 34 35 36 39 41 42 46 49 51 52 55 58 61 66 69 72 75 76 78 81 85 86 88 91 92 93 96 97 98 102 104 107 108 110 113 114 117 119 124 126
131 -1 27 0 1 3 5 6 19 20 24 30 33 38 40 49 57 74 82 91 93 98 101 107 111 112 125 126 128 130
131 1 27 0 1 3 12 13 23 24 38 46 49 53 55 62 65 66 69 76 78 82 85 93 107 108 118 119 128 130
137 -1 23 0 1 3 4 24 29 35 51 54 56 59 68 69 78 81 83 86 102 108 113 133 134 136
137 1 23 0 1 3 4 6 8 17 19 35 38 58 66 71 79 99 102 118 120 129 131 133 134 136
139 -1 55 0 1 3 8 9 11 14 15 18 23 24 25 28 30 31 34 35 38 43 46 47 53 54 56 63 65 67 69 70 72 74 76 83 85 86 92 93 96 101 104 105 108 109 111 114 115 116 121 124 125 128 130 131 136 138
139 1 55 0 1 3 4 6 9 11 12 13 14 15 17 18 23 25 27 28 29 30 33 46 47 52 53 54 62 63 65 74 76 77 85 86 87 92 93 106 109 110 111 112 114 116 121 122 124 125 126 127 128 130 133 135 136 138
149 -1 27 0 1 3 5 6 11 12 13 15 27 47 51 58 63 86 91 98 102 122 134 136 137 138 143 144 146 148
149 1 27 0 1 3 30 33 35 37 54 57 59 68 69 71 74 75 78 80 81 90 92 95 112 114 116 119 146 148
151 -1 51 0 1 2 3 14 17 20 24 25 29 32 33 38 39 41 42 46 47 54 57 65 67 68 69 70 72 79 81 82 83 84 86 94 97 104 105 109 110 112 113 118 119 122 126 127 131 134 137 148 149 150
151 1 51 0 1 3 8 11 12 16 18 19 27 28 42 44 46 52 53 54 55 58 59 60 62 65 69 73 74 77 78 82 86 89 91 92 93 96 97 98 99 105 107 109 123 124 132 133 135 139 140 143 148 150
157 -1 59 0 1 3 10 11 12 13 14 18 22 24 25 26 27 29 31 32 35 36 41 44 46 50 53 56 61 71 72 75 77 80 82 85 86 96 101 104 107 111 113 116 121 122 125 126 128 130 131 132 133 135 139 143 144 145 146 147 154 156
157 1 59 0 1 2 3 5 7 11 13 14 16 17 18 25 26 27 31 35 36 38 39 42 44 54 59 66 69 71 72 74 75 82 83 85 86 88 91 98 103 113 115 118 119 121 122 126 130 131 132 139 140 141 143 144 146 150 152 154 155 156
163 -1 77 0 1 2 3 4 8 10 13 16 18 20 21 23 24 26 28 30 33 37 39 40 41 44 46 47 54 55 56 58 59 60 61 62 64 67 71 77 78 81 82 85 86 92 96 99 101 102 103 104 105 107 108 109 116 117 119 122 123 124 126 130 133 135 137 139 140 142 143 145 147 150 153 155 159 160 161 162
163 1 77 0 1 3 4 6 7 8 9 10 11 12 14 16 20 23 24 25 26 27 29 40 44 46 49 50 55 56 57 61 66 67 69 70 71 74 75 77 79 80 83 84 86 88 89 92 93 94 96 97 102 106 107 108 113 114 117 119 123 134 136 137 138 139 140 143 147 149 151 152 153 154 155 156 157 159 160 162
167 -1 35 0 1 3 5 9 13 18 20 39 41 60 62 63 66 68 72 81 82 85 86 95 99 101 104 105 107 126 128 147 149 154 158 162 164 166
167 1 35 0 1 2 3 4 7 8 25 28 34 38 56 62 64 68 75 77 81 86 90 92 99 103 105 111 129 133 139 142 159 160 163 164 165 166
173 -1 39 0 1 3 7 9 11 12 15 21 22 23 30 31 34 52 55 59 77 81 83 90 92 96 114 118 121 139 142 143 150 151 152 158 161 162 164 166 170 172
173 1 39 0 1 3 5 8 16 27 28 30 32 41 43 45 49 52 58 66 69 74 75 98 99 104 107 115 121 124 128 130 132 141 143 145 146 157 165 168 170 172
179 -1 45 0 1 2 3 12 15 18 19 24 41 45 49 60 61 63 64 67 72 76 80 81 82 87 92 97 98 99 103 107 112 115 116 118 119 130 134 138 155 160 161 164 167 176 177 178
179 1 45 0 1 3 9 12 17 19 24 30 35 36 37 38 40 42 45 47 53 67 72 73 82 88 91 97 106 107 112 126 132 134 137 139 141 142 143 144 149 155 160 162 167 170 176 178
181 -1 61 0 1 3 4 19 20 24 25 28 29 33 34 35 37 38 45 47 52 64 65 67 68 70 72 73 77 80 83 84 88 89 92 93 97 98 101 104 108 109 111 113 114 116 117 129 134 136 143 144 146 147 148 152 153 156 157 161 162 177 178 180
181 1 61 0 1 2 3 5 12 24 27 33 35 40 44 46 48 49 50 52 57 62 64 65 68 71 72 75 80 81 83 84 87 88 93 94 97 98 100 101 106 109 110 113 116 117 119 124 129 131 132 133 135 137 141 146 148 154 157 169 176 178 179 180
191 -1 23 0 1 3 17 20 24 28 41 68 75 77 89 102 114 116 123 150 163 167 171 174 188 190
191 1 23 0 1 3 5 14 24 34 42 56 67 73 84 107 118 124 135 149 157 167 177 186 188 190
193 -1 71 0 1 3 7 8 10 14 15 19 20 22 24 26 27 28 39 43 47 52 53 56 58 62 64 65 66 67 71 73 79 80 86 89 90 91 95 98 102 103 104 107 113 114 120 122 126 127 128 129 131 135 137 140 141 146 150 154 165 166 167 169 171 173 174 178 179 183 185 186 190 192
193 1 71 0 1 2 3 7 9 10 14 17 19 23 24 27 28 30 37 39 40 41 43 44 45 66 68 70 72 77 78 79 82 83 84 87 89 92 93 100 101 104 106 109 110 111 114 115 116 121 123 125 127 148 149 150 152 153 154 156 163 165 166 169 170 174 176 179 183 184 186 190 191 192
197 -1 25 0 1 3 11 21 26 32 42 70 73 74 76 84 113 121 123 124 127 155 165 171 176 186 194 196
197 1 25 0 1 3 7 13 14 24 28 31 38 43 54 81 116 143 154 159 166 169 173 183 184 190 194 196
199 -1 93 0 1 3 4 6 8 11 14 18 19 20 21 24 25 27 30 31 34 36 38 43 44 48 50 51 53 60 63 65 69 71 72 73 75 76 77 79 80 82 84 86 88 91 94 95 98 99 100 101 104 105 108 111 113 115 117 119 120 122 123 124 126 127 128 130 134 136 139 146 148 149 151 155 156 161 163 165 168 169 172 174 175 178 179 180 181 185 188 191 193 195 196 198
199 1 93 0 1 2 3 5 6 8 10 12 14 19 20 22 24 25 26 30 32 33 34 42 43 44 45 49 51 52 54 57 58 63 64 67 68 75 76 82 83 86 87 88 90 91 92 93 94 99 100 105 106 107 108 109 111 112 113 116 117 123 124 131 132 135 136 141 142 145 147 148 150 154 155 156 157 165 166 167 169 173 174 175 177 179 180 185 187 189 191 193 194 196 197 198
211 -1 73 0 1 2 3 7 20 21 29 30 31 39 42 44 45 47 49 50 52 55 58 62 65 69 71 74 76 79 80 81 86 90 92 93 96 101 103 105 106 108 110 115 118 119 121 125 130 131 132 135 137 140 142 146 149 153 156 159 161 162 164 166 167 169 172 180 181 182 190 191 204 208 209 210
211 1 73 0 1 3 4 6 7 14 15 20 21 24 27 29 30 33 34 39 41 43 51 55 65 69 71 72 74 75 81 86 87 90 91 94 97 101 102 104 107 109 110 114 117 120 121 124 125 130 136 137 139 140 142 146 156 160 168 170 172 177 178 181 182 184 187 190 191 196 197 204 205 207 208 210
223 -1 83 0 1 3 5 12 13 14 15 17 20 23 25 26 29 30 32 36 42 44 46 48 49 50 54 56 60 65 69 71 75 78 79 87 91 93 95 96 97 99 100 102 103 120 121 123 124 126 127 128 130 132 136 144 145 148 152 154 158 163 167 169 173 174 175 177 179 181 187 191 193 194 197 198 200 203 206 208 209 210 211 218 220 222
223 1 83 0 1 3 5 7 11 12 14 16 21 27 34 36 39 43 44 48 49 50 56 59 60 61 62 66 67 68 69 72 76 77 78 79 86 87 89 92 93 97 98 100 107 116 123 125 126 130 131 134 136 137 144 145 146 147 151 154 155 156 157 161 162 163 164 167 173 174 175 179 180 184 187 189 196 202 207 209 211 212 216 218 220 222
227 -1 37 0 1 3 6 9 13 14 17 20 25 33 37 47 50 52 68 73 74 94 133 153 154 159 175 177 180 190 194 202 207 210 213 214 218 221 224 226
227 1 37 0 1 3 16 30 49 50 62 70 76 83 84 87 89 100 102 105 107 113 114 120 122 125 127 138 140 143 144 151 157 165 177 178 197 211 224 226
229 -1 85 0 1 3 5 8 9 15 16 22 28 30 31 32 37 40 42 44 52 59 60 61 62 63 65 67 68 70 71 77 81 83 85 87 92 94 96 98 101 104 108 109 112 113 116 117 120 121 125 128 131 133 135 137 142 144 146 148 152 158 159 161 162 164 166 167 168 169 170 177 185 187 189 192 197 198 199 201 207 213 214 220 221 224 226 228
229 1 85 0 1 2 3 7 11 17 21 23 29 31 33 37 40 41 45 46 47 49 50 56 59 62 63 66 68 70 71 73 76 78 79 85 91 93 100 102 103 106 107 108 109 110 119 120 121 122 123 126 127 129 136 138 144 150 151 153 156 158 159 161 163 166 167 170 173 179 180 182 183 184 188 189 192 196 198 200 206 208 212 218 222 226 227 228
233 -1 41 0 1 2 3 6 16 18 23 41 42 44 48 49 53 54 56 61 70 93 110 113 120 123 140 163 172 177 179 180 184 185 189 191 192 210 215 217 227 230 231 232
233 1 41 0 1 3 10 13 15 30 37 39 50 57 66 73 79 91 99 102 107 108 115 116 117 118 125 126 131 134 142 154 160 167 176 183 194 196 203 218 220 223 230 232
239 -1 55 0 1 2 3 10 26 33 50 55 61 70 72 76 77 78 82 83 84 89 93 96 99 101 102 103 105 106 113 126 133 134 136 137 138 140 143 146 150 155 156 157 161 162 163 167 169 178 184 189 206 213 229 236 237 238
239 1 55 0 1 3 7 10 23 26 29 31 41 43 46 54 58 65 66 67 72 74 87 98 100 101 106 110 111 112 118 121 127 128 129 133 138 139 141 152 165 167 172 173 174 181 185 193 196 198 208 210 213 216 229 232 236 238
241 -1 103 0 1 3 7 8 9 12 15 17 19 20 28 29 30 31 38 39 40 41 42 43 46 49 50 52 55 56 57 58 62 64 65 67 70 73 74 77 81 82 83 88 91 93 97 103 104 106 110 113 114 115 117 124 126 127 128 131 135 137 138 144 148 150 153 158 159 160 164 167 168 171 174 176 177 179 183 184 185 186 189 191 192 195 198 199 200 201 202 203 210 211 212 213 221 222 224 226 229 232 233 234 238 240
241 1 103 0 1 3 5 14 18 19 24 25 26 29 31 34 35 36 37 38 44 48 49 50 52 53 54 56 57 60 64 68 70 75 79 80 82 83 84 86 88 89 90 93 96 99 100 101 103 105 109 110 112 114 116 125 127 129 131 132 136 138 140 141 142 145 148 151 152 153 155 157 158 159 161 162 166 171 173 177 181 184 185 187 188 189 191 192 193 197 203 204 205 206 207 210 212 215 216 217 222 223 227 236 238 240
251 -1 39 0 1 3 13 28 37 53 57 63 72 76 77 80 82 85 89 102 103 110 117 134 141 148 149 162 166 169 171 174 175 179 188 194 198 214 223 238 248 250
251 1 39 0 1 3 12 13 16 19 22 27 34 52 65 66 76 77 79 96 103 115 117 134 136 148 155 172 174 175 185 186 199 217 224 229 232 235 238 239 248 250
