CONTACT6_M612_TB_RECOVERY_MASKS prime_bound 251
MASK p 5 branch -1 good 0 base212 0 allowed 0 bad 5
 ALLOWED []
 BAD [ 0, 1, 2, 3, 4 ]
MASK p 5 branch 1 good 0 base212 0 allowed 0 bad 5
 ALLOWED []
 BAD [ 0, 1, 2, 3, 4 ]
MASK p 7 branch -1 good 0 base212 0 allowed 0 bad 7
 ALLOWED []
 BAD [ 0, 1, 2, 3, 4, 5, 6 ]
MASK p 7 branch 1 good 0 base212 0 allowed 0 bad 7
 ALLOWED []
 BAD [ 0, 1, 2, 3, 4, 5, 6 ]
MASK p 11 branch -1 good 2 base212 2 allowed 0 bad 9
 ALLOWED []
 BAD [ 0, 1, 2, 3, 5, 6, 8, 9, 10 ]
MASK p 11 branch 1 good 2 base212 2 allowed 0 bad 9
 ALLOWED []
 BAD [ 0, 1, 3, 4, 5, 6, 7, 8, 10 ]
MASK p 13 branch -1 good 2 base212 2 allowed 2 bad 11
 ALLOWED [ 5, 8 ]
 BAD [ 0, 1, 2, 3, 4, 6, 7, 9, 10, 11, 12 ]
MASK p 13 branch 1 good 2 base212 2 allowed 2 bad 11
 ALLOWED [ 2, 11 ]
 BAD [ 0, 1, 3, 4, 5, 6, 7, 8, 9, 10, 12 ]
MASK p 17 branch -1 good 12 base212 12 allowed 0 bad 5
 ALLOWED []
 BAD [ 0, 1, 3, 14, 16 ]
MASK p 17 branch 1 good 12 base212 12 allowed 0 bad 5
 ALLOWED []
 BAD [ 0, 1, 3, 14, 16 ]
MASK p 19 branch -1 good 4 base212 4 allowed 0 bad 15
 ALLOWED []
 BAD [ 0, 1, 2, 3, 4, 5, 6, 8, 11, 13, 14, 15, 16, 17, 18 ]
MASK p 19 branch 1 good 4 base212 4 allowed 0 bad 15
 ALLOWED []
 BAD [ 0, 1, 2, 3, 4, 7, 8, 9, 10, 11, 12, 15, 16, 17, 18 ]
MASK p 23 branch -1 good 14 base212 14 allowed 4 bad 9
 ALLOWED [ 4, 8, 15, 19 ]
 BAD [ 0, 1, 3, 5, 7, 16, 18, 20, 22 ]
MASK p 23 branch 1 good 14 base212 14 allowed 4 bad 9
 ALLOWED [ 5, 9, 14, 18 ]
 BAD [ 0, 1, 3, 4, 7, 16, 19, 20, 22 ]
MASK p 29 branch -1 good 18 base212 18 allowed 4 bad 11
 ALLOWED [ 4, 14, 15, 25 ]
 BAD [ 0, 1, 3, 5, 9, 10, 19, 20, 24, 26, 28 ]
MASK p 29 branch 1 good 18 base212 18 allowed 4 bad 11
 ALLOWED [ 6, 8, 21, 23 ]
 BAD [ 0, 1, 3, 9, 10, 11, 18, 19, 20, 26, 28 ]
MASK p 31 branch -1 good 18 base212 18 allowed 8 bad 13
 ALLOWED [ 2, 6, 9, 10, 21, 22, 25, 29 ]
 BAD [ 0, 1, 3, 7, 11, 14, 15, 16, 17, 20, 24, 28, 30 ]
MASK p 31 branch 1 good 18 base212 18 allowed 8 bad 13
 ALLOWED [ 9, 10, 14, 15, 16, 17, 21, 22 ]
 BAD [ 0, 1, 2, 3, 4, 6, 11, 20, 25, 27, 28, 29, 30 ]
MASK p 37 branch -1 good 26 base212 26 allowed 6 bad 11
 ALLOWED [ 2, 12, 13, 24, 25, 35 ]
 BAD [ 0, 1, 3, 7, 15, 16, 21, 22, 30, 34, 36 ]
MASK p 37 branch 1 good 26 base212 26 allowed 6 bad 11
 ALLOWED [ 9, 14, 17, 20, 23, 28 ]
 BAD [ 0, 1, 3, 11, 15, 16, 21, 22, 26, 34, 36 ]
MASK p 41 branch -1 good 32 base212 32 allowed 4 bad 9
 ALLOWED [ 2, 13, 28, 39 ]
 BAD [ 0, 1, 3, 16, 19, 22, 25, 38, 40 ]
MASK p 41 branch 1 good 32 base212 32 allowed 4 bad 9
 ALLOWED [ 16, 19, 22, 25 ]
 BAD [ 0, 1, 2, 3, 13, 28, 38, 39, 40 ]
MASK p 43 branch -1 good 30 base212 30 allowed 8 bad 13
 ALLOWED [ 4, 7, 15, 17, 26, 28, 36, 39 ]
 BAD [ 0, 1, 3, 9, 10, 13, 14, 29, 30, 33, 34, 40, 42 ]
MASK p 43 branch 1 good 30 base212 30 allowed 8 bad 13
 ALLOWED [ 10, 15, 17, 18, 25, 26, 28, 33 ]
 BAD [ 0, 1, 3, 4, 9, 13, 14, 29, 30, 34, 39, 40, 42 ]
MASK p 47 branch -1 good 40 base212 40 allowed 16 bad 7
 ALLOWED [ 5, 8, 10, 11, 15, 16, 18, 20, 27, 29, 31, 32, 36, 37, 39, 42 ]
 BAD [ 0, 1, 3, 12, 35, 44, 46 ]
MASK p 47 branch 1 good 40 base212 40 allowed 16 bad 7
 ALLOWED [ 4, 5, 8, 9, 10, 18, 19, 21, 26, 28, 29, 37, 38, 39, 42, 43 ]
 BAD [ 0, 1, 3, 12, 35, 44, 46 ]
MASK p 53 branch -1 good 44 base212 44 allowed 10 bad 9
 ALLOWED [ 5, 8, 13, 17, 25, 28, 36, 40, 45, 48 ]
 BAD [ 0, 1, 3, 11, 20, 33, 42, 50, 52 ]
MASK p 53 branch 1 good 44 base212 44 allowed 10 bad 9
 ALLOWED [ 2, 7, 10, 12, 22, 31, 41, 43, 46, 51 ]
 BAD [ 0, 1, 3, 19, 24, 29, 34, 50, 52 ]
MASK p 59 branch -1 good 50 base212 50 allowed 12 bad 9
 ALLOWED [ 2, 6, 10, 13, 26, 29, 30, 33, 46, 49, 53, 57 ]
 BAD [ 0, 1, 3, 7, 11, 48, 52, 56, 58 ]
MASK p 59 branch 1 good 50 base212 50 allowed 12 bad 9
 ALLOWED [ 6, 16, 18, 27, 28, 29, 30, 31, 32, 41, 43, 53 ]
 BAD [ 0, 1, 3, 8, 11, 48, 51, 56, 58 ]
MASK p 61 branch -1 good 46 base212 46 allowed 18 bad 15
 ALLOWED [ 2, 4, 7, 11, 12, 16, 17, 23, 24, 37, 38, 44, 45, 49, 50, 54, 57, 59 ]
 BAD [ 0, 1, 3, 8, 9, 21, 22, 27, 34, 39, 40, 52, 53, 58, 60 ]
MASK p 61 branch 1 good 46 base212 46 allowed 18 bad 15
 ALLOWED [ 4, 7, 15, 16, 17, 23, 24, 28, 29, 32, 33, 37, 38, 44, 45, 46, 54, 57 ]
 BAD [ 0, 1, 3, 8, 14, 20, 26, 27, 34, 35, 41, 47, 53, 58, 60 ]
MASK p 67 branch -1 good 54 base212 54 allowed 20 bad 13
 ALLOWED [ 4, 6, 11, 12, 13, 14, 21, 24, 27, 33, 34, 40, 43, 46, 53, 54, 55, 56, 61, 63 ]
 BAD [ 0, 1, 3, 8, 20, 25, 30, 37, 42, 47, 59, 64, 66 ]
MASK p 67 branch 1 good 54 base212 54 allowed 20 bad 13
 ALLOWED [ 5, 6, 15, 16, 17, 18, 19, 25, 26, 33, 34, 41, 42, 48, 49, 50, 51, 52, 61, 62 ]
 BAD [ 0, 1, 3, 8, 20, 24, 30, 37, 43, 47, 59, 64, 66 ]
MASK p 71 branch -1 good 58 base212 58 allowed 10 bad 13
 ALLOWED [ 8, 14, 19, 30, 33, 38, 41, 52, 57, 63 ]
 BAD [ 0, 1, 3, 4, 16, 23, 28, 43, 48, 55, 67, 68, 70 ]
MASK p 71 branch 1 good 58 base212 58 allowed 10 bad 13
 ALLOWED [ 7, 13, 15, 26, 27, 44, 45, 56, 58, 64 ]
 BAD [ 0, 1, 3, 17, 22, 28, 31, 40, 43, 49, 54, 68, 70 ]
MASK p 73 branch -1 good 54 base212 54 allowed 14 bad 19
 ALLOWED [ 2, 5, 8, 9, 23, 26, 28, 45, 47, 50, 64, 65, 68, 71 ]
 BAD [ 0, 1, 3, 4, 17, 20, 21, 30, 33, 34, 39, 40, 43, 52, 53, 56, 69, 70, 72 ]
MASK p 73 branch 1 good 54 base212 54 allowed 14 bad 19
 ALLOWED [ 14, 16, 24, 27, 31, 34, 35, 38, 39, 42, 46, 49, 57, 59 ]
 BAD [ 0, 1, 3, 17, 19, 20, 21, 22, 28, 33, 40, 45, 51, 52, 53, 54, 56, 70, 72 ]
MASK p 79 branch -1 good 66 base212 66 allowed 6 bad 13
 ALLOWED [ 8, 17, 33, 46, 62, 71 ]
 BAD [ 0, 1, 3, 9, 12, 32, 37, 42, 47, 67, 70, 76, 78 ]
MASK p 79 branch 1 good 66 base212 66 allowed 6 bad 13
 ALLOWED [ 30, 36, 37, 42, 43, 49 ]
 BAD [ 0, 1, 3, 17, 20, 26, 32, 47, 53, 59, 62, 76, 78 ]
MASK p 83 branch -1 good 74 base212 74 allowed 6 bad 9
 ALLOWED [ 7, 22, 27, 56, 61, 76 ]
 BAD [ 0, 1, 3, 13, 32, 51, 70, 80, 82 ]
MASK p 83 branch 1 good 74 base212 74 allowed 6 bad 9
 ALLOWED [ 19, 36, 37, 46, 47, 64 ]
 BAD [ 0, 1, 3, 13, 39, 44, 70, 80, 82 ]
MASK p 89 branch -1 good 78 base212 78 allowed 10 bad 11
 ALLOWED [ 2, 23, 34, 41, 43, 46, 48, 55, 66, 87 ]
 BAD [ 0, 1, 3, 5, 28, 42, 47, 61, 84, 86, 88 ]
MASK p 89 branch 1 good 78 base212 78 allowed 10 bad 11
 ALLOWED [ 2, 4, 13, 39, 43, 46, 50, 76, 85, 87 ]
 BAD [ 0, 1, 3, 16, 19, 35, 54, 70, 73, 86, 88 ]
MASK p 97 branch -1 good 80 base212 80 allowed 24 bad 17
 ALLOWED [ 4, 16, 22, 23, 27, 28, 29, 30, 35, 38, 39, 47, 50, 58, 59, 62, 67, 68, 69, 70, 74, 75, 81, 93 ]
 BAD [ 0, 1, 3, 5, 10, 20, 24, 26, 41, 56, 71, 73, 77, 87, 92, 94, 96 ]
MASK p 97 branch 1 good 80 base212 80 allowed 24 bad 17
 ALLOWED [ 2, 11, 15, 17, 18, 25, 28, 29, 30, 31, 38, 43, 54, 59, 66, 67, 68, 69, 72, 79, 80, 82, 86, 95 ]
 BAD [ 0, 1, 3, 5, 10, 12, 19, 20, 26, 71, 77, 78, 85, 87, 92, 94, 96 ]
MASK p 101 branch -1 good 90 base212 90 allowed 16 bad 11
 ALLOWED [ 13, 20, 22, 25, 33, 34, 36, 37, 64, 65, 67, 68, 76, 79, 81, 88 ]
 BAD [ 0, 1, 3, 16, 27, 49, 52, 74, 85, 98, 100 ]
MASK p 101 branch 1 good 90 base212 90 allowed 16 bad 11
 ALLOWED [ 8, 9, 11, 12, 15, 32, 42, 46, 55, 59, 69, 86, 89, 90, 92, 93 ]
 BAD [ 0, 1, 2, 3, 44, 45, 56, 57, 98, 99, 100 ]
MASK p 103 branch -1 good 94 base212 94 allowed 36 bad 9
 ALLOWED [ 2, 5, 6, 8, 9, 13, 14, 15, 19, 21, 33, 37, 39, 41, 43, 45, 47, 49, 54, 56, 58, 60, 62, 64, 66, 70, 82, 84, 88, 89, 90, 94, 95, 97, 98, 101 ]
 BAD [ 0, 1, 3, 10, 31, 72, 93, 100, 102 ]
MASK p 103 branch 1 good 94 base212 94 allowed 36 bad 9
 ALLOWED [ 8, 11, 14, 15, 20, 24, 28, 34, 35, 36, 37, 39, 40, 41, 44, 48, 50, 51, 52, 53, 55, 59, 62, 63, 64, 66, 67, 68, 69, 75, 79, 83, 88, 89, 92, 95 ]
 BAD [ 0, 1, 3, 10, 30, 73, 93, 100, 102 ]
MASK p 107 branch -1 good 100 base212 100 allowed 20 bad 7
 ALLOWED [ 12, 14, 15, 19, 22, 23, 25, 34, 45, 47, 60, 62, 73, 82, 84, 85, 88, 92, 93, 95 ]
 BAD [ 0, 1, 3, 18, 89, 104, 106 ]
MASK p 107 branch 1 good 100 base212 100 allowed 20 bad 7
 ALLOWED [ 5, 16, 17, 27, 28, 38, 41, 42, 43, 50, 57, 64, 65, 66, 69, 79, 80, 90, 91, 102 ]
 BAD [ 0, 1, 3, 18, 89, 104, 106 ]
MASK p 109 branch -1 good 94 base212 94 allowed 26 bad 15
 ALLOWED [ 8, 16, 17, 20, 28, 30, 38, 41, 42, 44, 46, 47, 52, 57, 62, 63, 65, 67, 68, 71, 79, 81, 89, 92, 93, 101 ]
 BAD [ 0, 1, 3, 4, 6, 18, 31, 49, 60, 78, 91, 103, 105, 106, 108 ]
MASK p 109 branch 1 good 94 base212 94 allowed 26 bad 15
 ALLOWED [ 4, 7, 11, 13, 14, 20, 23, 24, 26, 38, 39, 44, 47, 62, 65, 70, 71, 83, 85, 86, 89, 95, 96, 98, 102, 105 ]
 BAD [ 0, 1, 3, 18, 21, 28, 49, 54, 55, 60, 81, 88, 91, 106, 108 ]
MASK p 113 branch -1 good 108 base212 108 allowed 24 bad 5
 ALLOWED [ 6, 10, 11, 22, 32, 35, 38, 39, 42, 46, 48, 53, 60, 65, 67, 71, 74, 75, 78, 81, 91, 102, 103, 107 ]
 BAD [ 0, 1, 3, 110, 112 ]
MASK p 113 branch 1 good 108 base212 108 allowed 24 bad 5
 ALLOWED [ 5, 7, 8, 9, 10, 11, 13, 17, 26, 32, 46, 56, 57, 67, 81, 87, 96, 100, 102, 103, 104, 105, 106, 108 ]
 BAD [ 0, 1, 3, 110, 112 ]
MASK p 127 branch -1 good 116 base212 116 allowed 44 bad 11
 ALLOWED [ 4, 9, 10, 11, 15, 22, 27, 33, 34, 37, 38, 40, 41, 44, 45, 47, 48, 52, 53, 56, 60, 61, 66, 67, 71, 74, 75, 79, 80, 82, 83, 86, 87, 89, 90, 93, 94, 100, 105, 112, 116, 117, 118, 123 ]
 BAD [ 0, 1, 3, 13, 39, 57, 70, 88, 114, 124, 126 ]
MASK p 127 branch 1 good 116 base212 116 allowed 44 bad 11
 ALLOWED [ 8, 13, 14, 17, 19, 23, 25, 29, 30, 31, 34, 35, 36, 41, 42, 46, 49, 51, 52, 55, 58, 61, 66, 69, 72, 75, 76, 78, 81, 85, 86, 91, 92, 93, 96, 97, 98, 102, 104, 108, 110, 113, 114, 119 ]
 BAD [ 0, 1, 3, 10, 20, 39, 88, 107, 117, 124, 126 ]
MASK p 131 branch -1 good 118 base212 118 allowed 14 bad 13
 ALLOWED [ 5, 20, 24, 30, 33, 49, 57, 74, 82, 98, 101, 107, 111, 126 ]
 BAD [ 0, 1, 3, 6, 19, 38, 40, 91, 93, 112, 125, 128, 130 ]
MASK p 131 branch 1 good 118 base212 118 allowed 14 bad 13
 ALLOWED [ 12, 13, 24, 46, 49, 53, 62, 69, 78, 82, 85, 107, 118, 119 ]
 BAD [ 0, 1, 3, 23, 38, 55, 65, 66, 76, 93, 108, 128, 130 ]
MASK p 137 branch -1 good 128 base212 128 allowed 14 bad 9
 ALLOWED [ 4, 35, 51, 54, 56, 59, 68, 69, 78, 81, 83, 86, 102, 133 ]
 BAD [ 0, 1, 3, 24, 29, 108, 113, 134, 136 ]
MASK p 137 branch 1 good 128 base212 128 allowed 14 bad 9
 ALLOWED [ 4, 6, 8, 35, 38, 58, 66, 71, 79, 99, 102, 129, 131, 133 ]
 BAD [ 0, 1, 3, 17, 19, 118, 120, 134, 136 ]
MASK p 139 branch -1 good 120 base212 120 allowed 36 bad 19
 ALLOWED [ 8, 9, 14, 15, 23, 24, 28, 30, 31, 34, 38, 43, 46, 47, 53, 56, 63, 67, 72, 76, 83, 86, 92, 93, 96, 101, 105, 108, 109, 111, 115, 116, 124, 125, 130, 131 ]
 BAD [ 0, 1, 3, 11, 18, 25, 35, 54, 65, 69, 70, 74, 85, 104, 114, 121, 128, 136, 138 ]
MASK p 139 branch 1 good 120 base212 120 allowed 36 bad 19
 ALLOWED [ 4, 9, 13, 14, 15, 17, 18, 27, 28, 29, 30, 33, 46, 52, 53, 62, 63, 65, 74, 76, 77, 86, 87, 93, 106, 109, 110, 111, 112, 121, 122, 124, 125, 126, 130, 135 ]
 BAD [ 0, 1, 3, 6, 11, 12, 23, 25, 47, 54, 85, 92, 114, 116, 127, 128, 133, 136, 138 ]
MASK p 149 branch -1 good 142 base212 142 allowed 20 bad 7
 ALLOWED [ 5, 6, 12, 13, 15, 27, 47, 51, 58, 63, 86, 91, 98, 102, 122, 134, 136, 137, 143, 144 ]
 BAD [ 0, 1, 3, 11, 138, 146, 148 ]
MASK p 149 branch 1 good 142 base212 142 allowed 20 bad 7
 ALLOWED [ 30, 33, 35, 37, 54, 57, 59, 69, 71, 74, 75, 78, 80, 90, 92, 95, 112, 114, 116, 119 ]
 BAD [ 0, 1, 3, 68, 81, 146, 148 ]
MASK p 151 branch -1 good 138 base212 138 allowed 38 bad 13
 ALLOWED [ 2, 14, 17, 20, 24, 25, 29, 32, 38, 39, 41, 42, 46, 47, 54, 57, 67, 68, 69, 82, 83, 84, 94, 97, 104, 105, 109, 110, 112, 113, 119, 122, 126, 127, 131, 134, 137, 149 ]
 BAD [ 0, 1, 3, 33, 65, 70, 72, 79, 81, 86, 118, 148, 150 ]
MASK p 151 branch 1 good 138 base212 138 allowed 38 bad 13
 ALLOWED [ 8, 11, 12, 16, 18, 19, 27, 42, 46, 52, 53, 54, 58, 59, 60, 62, 69, 73, 74, 77, 78, 82, 89, 91, 92, 93, 97, 98, 99, 105, 109, 124, 132, 133, 135, 139, 140, 143 ]
 BAD [ 0, 1, 3, 28, 44, 55, 65, 86, 96, 107, 123, 148, 150 ]
MASK p 157 branch -1 good 146 base212 146 allowed 48 bad 11
 ALLOWED [ 10, 11, 12, 13, 14, 18, 22, 24, 26, 27, 29, 31, 32, 35, 36, 41, 46, 50, 53, 56, 61, 71, 75, 77, 80, 82, 86, 96, 101, 104, 107, 111, 116, 121, 122, 125, 126, 128, 130, 131, 133, 135, 139, 143, 144, 145, 146, 147 ]
 BAD [ 0, 1, 3, 25, 44, 72, 85, 113, 132, 154, 156 ]
MASK p 157 branch 1 good 146 base212 146 allowed 48 bad 11
 ALLOWED [ 2, 5, 7, 11, 13, 14, 16, 17, 18, 26, 27, 31, 35, 36, 38, 39, 42, 44, 54, 59, 66, 69, 71, 74, 83, 86, 88, 91, 98, 103, 113, 115, 118, 119, 121, 122, 126, 130, 131, 139, 140, 141, 143, 144, 146, 150, 152, 155 ]
 BAD [ 0, 1, 3, 25, 72, 75, 82, 85, 132, 154, 156 ]
MASK p 163 branch -1 good 148 base212 148 allowed 62 bad 15
 ALLOWED [ 2, 4, 8, 10, 13, 16, 18, 20, 21, 26, 28, 30, 33, 37, 40, 41, 44, 47, 54, 55, 56, 58, 59, 60, 62, 64, 67, 71, 77, 78, 81, 82, 85, 86, 92, 96, 99, 101, 103, 104, 105, 107, 108, 109, 116, 119, 122, 123, 126, 130, 133, 135, 137, 142, 143, 145, 147, 150, 153, 155, 159, 161 ]
 BAD [ 0, 1, 3, 23, 24, 39, 46, 61, 102, 117, 124, 139, 140, 160, 162 ]
MASK p 163 branch 1 good 148 base212 148 allowed 62 bad 15
 ALLOWED [ 4, 6, 7, 8, 9, 10, 11, 12, 14, 16, 20, 23, 26, 27, 29, 40, 44, 49, 50, 55, 56, 57, 66, 67, 69, 70, 74, 75, 77, 79, 80, 83, 84, 86, 88, 89, 93, 94, 96, 97, 106, 107, 108, 113, 114, 119, 123, 134, 136, 137, 140, 143, 147, 149, 151, 152, 153, 154, 155, 156, 157, 159 ]
 BAD [ 0, 1, 3, 24, 25, 46, 61, 71, 92, 102, 117, 138, 139, 160, 162 ]
MASK p 167 branch -1 good 154 base212 154 allowed 22 bad 13
 ALLOWED [ 5, 9, 13, 20, 39, 41, 60, 68, 72, 81, 82, 85, 86, 95, 99, 107, 126, 128, 147, 154, 158, 162 ]
 BAD [ 0, 1, 3, 18, 62, 63, 66, 101, 104, 105, 149, 164, 166 ]
MASK p 167 branch 1 good 154 base212 154 allowed 22 bad 13
 ALLOWED [ 2, 4, 7, 25, 34, 56, 64, 68, 75, 77, 81, 86, 90, 92, 99, 103, 111, 133, 142, 160, 163, 165 ]
 BAD [ 0, 1, 3, 8, 28, 38, 62, 105, 129, 139, 159, 164, 166 ]
MASK p 173 branch -1 good 166 base212 166 allowed 32 bad 7
 ALLOWED [ 7, 9, 11, 12, 15, 21, 22, 23, 30, 31, 34, 52, 59, 77, 81, 83, 90, 92, 96, 114, 121, 139, 142, 143, 150, 151, 152, 158, 161, 162, 164, 166 ]
 BAD [ 0, 1, 3, 55, 118, 170, 172 ]
MASK p 173 branch 1 good 166 base212 166 allowed 32 bad 7
 ALLOWED [ 5, 8, 16, 27, 28, 30, 32, 41, 43, 45, 49, 52, 58, 69, 74, 75, 98, 99, 104, 115, 121, 124, 128, 130, 132, 141, 143, 145, 146, 157, 165, 168 ]
 BAD [ 0, 1, 3, 66, 107, 170, 172 ]
MASK p 179 branch -1 good 164 base212 164 allowed 30 bad 15
 ALLOWED [ 15, 24, 41, 45, 49, 61, 63, 64, 67, 72, 76, 80, 81, 82, 87, 92, 97, 98, 99, 103, 107, 112, 115, 116, 118, 130, 134, 138, 155, 164 ]
 BAD [ 0, 1, 2, 3, 12, 18, 19, 60, 119, 160, 161, 167, 176, 177, 178 ]
MASK p 179 branch 1 good 164 base212 164 allowed 30 bad 15
 ALLOWED [ 12, 17, 24, 35, 36, 37, 38, 40, 42, 47, 53, 67, 72, 73, 82, 97, 106, 107, 112, 126, 132, 137, 139, 141, 142, 143, 144, 155, 162, 167 ]
 BAD [ 0, 1, 3, 9, 19, 30, 45, 88, 91, 134, 149, 160, 170, 176, 178 ]
MASK p 181 branch -1 good 166 base212 166 allowed 46 bad 15
 ALLOWED [ 4, 19, 25, 29, 34, 35, 37, 38, 45, 47, 52, 64, 65, 67, 68, 70, 72, 73, 77, 80, 83, 88, 89, 92, 93, 98, 101, 104, 108, 109, 111, 113, 114, 116, 117, 129, 134, 136, 143, 144, 146, 147, 152, 156, 162, 177 ]
 BAD [ 0, 1, 3, 20, 24, 28, 33, 84, 97, 148, 153, 157, 161, 178, 180 ]
MASK p 181 branch 1 good 166 base212 166 allowed 46 bad 15
 ALLOWED [ 2, 5, 12, 24, 35, 40, 44, 46, 48, 49, 50, 52, 57, 62, 64, 65, 72, 75, 80, 81, 83, 87, 88, 93, 94, 98, 100, 101, 106, 109, 116, 117, 119, 124, 129, 131, 132, 133, 135, 137, 141, 146, 157, 169, 176, 179 ]
 BAD [ 0, 1, 3, 27, 33, 68, 71, 84, 97, 110, 113, 148, 154, 178, 180 ]
MASK p 191 branch -1 good 182 base212 182 allowed 14 bad 9
 ALLOWED [ 17, 20, 28, 41, 75, 77, 89, 102, 114, 116, 150, 163, 171, 174 ]
 BAD [ 0, 1, 3, 24, 68, 123, 167, 188, 190 ]
MASK p 191 branch 1 good 182 base212 182 allowed 14 bad 9
 ALLOWED [ 5, 34, 42, 56, 67, 73, 84, 107, 118, 124, 135, 149, 157, 186 ]
 BAD [ 0, 1, 3, 14, 24, 167, 177, 188, 190 ]
MASK p 193 branch -1 good 178 base212 178 allowed 56 bad 15
 ALLOWED [ 7, 10, 15, 19, 20, 22, 26, 28, 39, 47, 52, 53, 56, 58, 62, 64, 65, 66, 67, 71, 73, 79, 80, 86, 89, 90, 91, 95, 98, 102, 103, 104, 107, 113, 114, 120, 122, 126, 127, 128, 129, 131, 135, 137, 140, 141, 146, 154, 165, 167, 171, 173, 174, 178, 183, 186 ]
 BAD [ 0, 1, 3, 8, 14, 24, 27, 43, 150, 166, 169, 179, 185, 190, 192 ]
MASK p 193 branch 1 good 178 base212 178 allowed 56 bad 15
 ALLOWED [ 2, 7, 9, 10, 17, 19, 23, 28, 30, 37, 39, 40, 41, 44, 45, 66, 68, 70, 77, 78, 79, 82, 83, 84, 87, 89, 92, 93, 100, 101, 104, 106, 109, 110, 111, 114, 115, 116, 123, 125, 127, 148, 149, 152, 153, 154, 156, 163, 165, 170, 174, 176, 183, 184, 186, 191 ]
 BAD [ 0, 1, 3, 14, 24, 27, 43, 72, 121, 150, 166, 169, 179, 190, 192 ]
MASK p 197 branch -1 good 190 base212 190 allowed 18 bad 7
 ALLOWED [ 21, 26, 32, 42, 70, 73, 74, 76, 84, 113, 121, 123, 124, 127, 155, 165, 171, 176 ]
 BAD [ 0, 1, 3, 11, 186, 194, 196 ]
MASK p 197 branch 1 good 190 base212 190 allowed 18 bad 7
 ALLOWED [ 7, 13, 14, 24, 28, 31, 38, 43, 81, 116, 154, 159, 166, 169, 173, 183, 184, 190 ]
 BAD [ 0, 1, 3, 54, 143, 194, 196 ]
MASK p 199 branch -1 good 188 base212 188 allowed 82 bad 11
 ALLOWED [ 4, 6, 8, 11, 18, 19, 20, 21, 24, 25, 27, 30, 31, 36, 38, 43, 44, 48, 50, 51, 53, 60, 63, 65, 69, 72, 73, 75, 76, 77, 79, 80, 82, 84, 86, 88, 91, 94, 95, 98, 99, 100, 101, 104, 105, 108, 111, 113, 115, 117, 119, 120, 122, 123, 124, 126, 127, 130, 134, 136, 139, 146, 148, 149, 151, 155, 156, 161, 163, 168, 169, 172, 174, 175, 178, 179, 180, 181, 188, 191, 193, 195 ]
 BAD [ 0, 1, 3, 14, 34, 71, 128, 165, 185, 196, 198 ]
MASK p 199 branch 1 good 188 base212 188 allowed 82 bad 11
 ALLOWED [ 2, 5, 6, 8, 10, 12, 19, 20, 22, 24, 25, 26, 30, 32, 33, 34, 43, 44, 45, 49, 51, 52, 54, 57, 58, 63, 64, 67, 68, 75, 82, 83, 86, 87, 88, 90, 91, 92, 93, 94, 99, 100, 105, 106, 107, 108, 109, 111, 112, 113, 116, 117, 124, 131, 132, 135, 136, 141, 142, 145, 147, 148, 150, 154, 155, 156, 165, 166, 167, 169, 173, 174, 175, 177, 179, 180, 187, 189, 191, 193, 194, 197 ]
 BAD [ 0, 1, 3, 14, 42, 76, 123, 157, 185, 196, 198 ]
MASK p 211 branch -1 good 194 base212 194 allowed 56 bad 17
 ALLOWED [ 2, 7, 20, 31, 42, 44, 45, 47, 49, 50, 52, 55, 58, 62, 65, 69, 71, 74, 76, 79, 81, 86, 90, 92, 93, 96, 103, 105, 106, 108, 115, 118, 119, 121, 125, 130, 132, 135, 137, 140, 142, 146, 149, 153, 156, 159, 161, 162, 164, 166, 167, 169, 180, 191, 204, 209 ]
 BAD [ 0, 1, 3, 21, 29, 30, 39, 80, 101, 110, 131, 172, 181, 182, 190, 208, 210 ]
MASK p 211 branch 1 good 194 base212 194 allowed 56 bad 17
 ALLOWED [ 4, 6, 7, 14, 15, 20, 24, 27, 33, 34, 39, 41, 43, 51, 55, 69, 72, 74, 75, 81, 86, 90, 91, 94, 97, 101, 102, 104, 107, 109, 110, 114, 117, 120, 121, 125, 130, 136, 137, 139, 142, 156, 160, 168, 170, 172, 177, 178, 184, 187, 191, 196, 197, 204, 205, 207 ]
 BAD [ 0, 1, 3, 21, 29, 30, 65, 71, 87, 124, 140, 146, 181, 182, 190, 208, 210 ]
MASK p 223 branch -1 good 208 base212 208 allowed 68 bad 15
 ALLOWED [ 5, 13, 14, 15, 17, 20, 23, 25, 26, 29, 30, 32, 36, 42, 46, 49, 50, 54, 56, 60, 69, 71, 75, 78, 87, 91, 93, 95, 96, 97, 99, 100, 102, 103, 120, 121, 123, 124, 126, 127, 128, 130, 132, 136, 145, 148, 152, 154, 163, 167, 169, 173, 174, 177, 181, 187, 191, 193, 194, 197, 198, 200, 203, 206, 208, 209, 210, 218 ]
 BAD [ 0, 1, 3, 12, 44, 48, 65, 79, 144, 158, 175, 179, 211, 220, 222 ]
MASK p 223 branch 1 good 208 base212 208 allowed 68 bad 15
 ALLOWED [ 7, 11, 12, 16, 21, 27, 34, 36, 39, 43, 44, 48, 49, 50, 59, 60, 61, 62, 66, 67, 68, 69, 76, 77, 78, 86, 87, 89, 92, 93, 97, 98, 100, 107, 116, 123, 125, 126, 130, 131, 134, 136, 137, 145, 146, 147, 154, 155, 156, 157, 161, 162, 163, 164, 173, 174, 175, 179, 180, 184, 187, 189, 196, 202, 207, 211, 212, 216 ]
 BAD [ 0, 1, 3, 5, 14, 56, 72, 79, 144, 151, 167, 209, 218, 220, 222 ]
MASK p 227 branch -1 good 220 base212 220 allowed 30 bad 7
 ALLOWED [ 6, 9, 13, 14, 17, 20, 25, 33, 37, 47, 52, 68, 73, 74, 94, 133, 153, 154, 159, 175, 180, 190, 194, 202, 207, 210, 213, 214, 218, 221 ]
 BAD [ 0, 1, 3, 50, 177, 224, 226 ]
MASK p 227 branch 1 good 220 base212 220 allowed 30 bad 7
 ALLOWED [ 16, 30, 49, 62, 70, 76, 83, 84, 87, 89, 100, 102, 105, 107, 113, 114, 120, 122, 125, 127, 138, 140, 143, 144, 151, 157, 165, 178, 197, 211 ]
 BAD [ 0, 1, 3, 50, 177, 224, 226 ]
MASK p 229 branch -1 good 216 base212 216 allowed 72 bad 13
 ALLOWED [ 5, 8, 9, 15, 16, 22, 28, 30, 31, 32, 37, 42, 44, 59, 60, 61, 62, 65, 67, 68, 70, 77, 81, 83, 85, 87, 92, 94, 96, 98, 101, 104, 108, 109, 112, 113, 116, 117, 120, 121, 125, 128, 131, 133, 135, 137, 142, 144, 146, 148, 152, 159, 161, 162, 164, 167, 168, 169, 170, 185, 187, 192, 197, 198, 199, 201, 207, 213, 214, 220, 221, 224 ]
 BAD [ 0, 1, 3, 40, 52, 63, 71, 158, 166, 177, 189, 226, 228 ]
MASK p 229 branch 1 good 216 base212 216 allowed 72 bad 13
 ALLOWED [ 2, 7, 11, 17, 21, 23, 29, 31, 33, 37, 41, 45, 46, 47, 49, 50, 56, 59, 62, 63, 68, 70, 73, 76, 78, 79, 85, 91, 93, 100, 102, 103, 106, 107, 108, 110, 119, 121, 122, 123, 126, 127, 129, 136, 138, 144, 150, 151, 153, 156, 159, 161, 166, 167, 170, 173, 179, 180, 182, 183, 184, 188, 192, 196, 198, 200, 206, 208, 212, 218, 222, 227 ]
 BAD [ 0, 1, 3, 40, 66, 71, 109, 120, 158, 163, 189, 226, 228 ]
MASK p 233 branch -1 good 224 base212 224 allowed 32 bad 9
 ALLOWED [ 2, 6, 16, 18, 41, 42, 44, 48, 49, 53, 54, 56, 61, 70, 110, 113, 120, 123, 163, 172, 177, 179, 180, 184, 185, 189, 191, 192, 215, 217, 227, 231 ]
 BAD [ 0, 1, 3, 23, 93, 140, 210, 230, 232 ]
MASK p 233 branch 1 good 224 base212 224 allowed 32 bad 9
 ALLOWED [ 13, 30, 37, 39, 50, 57, 66, 73, 79, 91, 99, 102, 107, 108, 115, 116, 117, 118, 125, 126, 131, 134, 142, 154, 160, 167, 176, 183, 194, 196, 203, 220 ]
 BAD [ 0, 1, 3, 10, 15, 218, 223, 230, 232 ]
MASK p 239 branch -1 good 224 base212 224 allowed 40 bad 15
 ALLOWED [ 2, 10, 26, 33, 50, 55, 61, 70, 72, 82, 83, 84, 89, 93, 99, 101, 102, 103, 105, 113, 126, 134, 136, 137, 138, 140, 146, 150, 155, 156, 157, 167, 169, 178, 184, 189, 206, 213, 229, 237 ]
 BAD [ 0, 1, 3, 76, 77, 78, 96, 106, 133, 143, 161, 162, 163, 236, 238 ]
MASK p 239 branch 1 good 224 base212 224 allowed 40 bad 15
 ALLOWED [ 7, 10, 23, 26, 29, 41, 43, 54, 58, 65, 67, 72, 74, 87, 98, 100, 101, 110, 111, 118, 121, 128, 129, 138, 139, 141, 152, 165, 167, 172, 174, 181, 185, 196, 198, 210, 213, 216, 229, 232 ]
 BAD [ 0, 1, 3, 31, 46, 66, 106, 112, 127, 133, 173, 193, 208, 236, 238 ]
MASK p 241 branch -1 good 224 base212 224 allowed 86 bad 17
 ALLOWED [ 7, 8, 9, 12, 15, 17, 19, 20, 28, 29, 30, 38, 39, 40, 41, 42, 43, 46, 49, 50, 55, 57, 58, 62, 64, 65, 67, 73, 74, 77, 81, 82, 83, 91, 93, 97, 103, 104, 106, 113, 114, 115, 117, 124, 126, 127, 128, 135, 137, 138, 144, 148, 150, 158, 159, 160, 164, 167, 168, 174, 176, 177, 179, 183, 184, 186, 191, 192, 195, 198, 199, 200, 201, 202, 203, 211, 212, 213, 221, 222, 224, 226, 229, 232, 233, 234 ]
 BAD [ 0, 1, 3, 31, 52, 56, 70, 88, 110, 131, 153, 171, 185, 189, 210, 238, 240 ]
MASK p 241 branch 1 good 224 base212 224 allowed 86 bad 17
 ALLOWED [ 5, 14, 18, 19, 24, 25, 26, 29, 34, 35, 36, 37, 38, 44, 48, 49, 50, 53, 54, 57, 60, 64, 68, 70, 75, 79, 80, 82, 83, 84, 86, 89, 90, 96, 99, 100, 101, 105, 109, 110, 112, 114, 116, 125, 127, 129, 131, 132, 136, 140, 141, 142, 145, 151, 152, 155, 157, 158, 159, 161, 162, 166, 171, 173, 177, 181, 184, 187, 188, 191, 192, 193, 197, 203, 204, 205, 206, 207, 212, 215, 216, 217, 222, 223, 227, 236 ]
 BAD [ 0, 1, 3, 31, 52, 56, 88, 93, 103, 138, 148, 153, 185, 189, 210, 238, 240 ]
MASK p 251 branch -1 good 240 base212 240 allowed 28 bad 11
 ALLOWED [ 13, 28, 37, 53, 57, 63, 72, 77, 80, 82, 85, 89, 103, 117, 134, 148, 162, 166, 169, 171, 174, 179, 188, 194, 198, 214, 223, 238 ]
 BAD [ 0, 1, 3, 76, 102, 110, 141, 149, 175, 248, 250 ]
MASK p 251 branch 1 good 240 base212 240 allowed 28 bad 11
 ALLOWED [ 12, 13, 19, 22, 27, 34, 52, 65, 66, 77, 79, 103, 115, 117, 134, 136, 148, 172, 174, 185, 186, 199, 217, 224, 229, 232, 238, 239 ]
 BAD [ 0, 1, 3, 16, 76, 96, 155, 175, 235, 248, 250 ]
CONTACT6_M612_TB_RECOVERY_MASKS_DONE
