5 -1 5 0 1 2 3 4
5 1 5 0 1 2 3 4
7 -1 7 0 1 2 3 4 5 6
7 1 7 0 1 2 3 4 5 6
11 -1 9 0 1 2 3 5 6 8 9 10
11 1 9 0 1 3 4 5 6 7 8 10
13 -1 13 0 1 2 3 4 5 6 7 8 9 10 11 12
13 1 13 0 1 2 3 4 5 6 7 8 9 10 11 12
17 -1 5 0 1 3 14 16
17 1 5 0 1 3 14 16
19 -1 15 0 1 2 3 4 5 6 8 11 13 14 15 16 17 18
19 1 15 0 1 2 3 4 7 8 9 10 11 12 15 16 17 18
23 -1 13 0 1 3 4 5 7 8 15 16 18 19 20 22
23 1 13 0 1 3 4 5 7 9 14 16 18 19 20 22
29 -1 15 0 1 3 4 5 9 10 14 15 19 20 24 25 26 28
29 1 15 0 1 3 6 8 9 10 11 18 19 20 21 23 26 28
31 -1 21 0 1 2 3 6 7 9 10 11 14 15 16 17 20 21 22 24 25 28 29 30
31 1 21 0 1 2 3 4 6 9 10 11 14 15 16 17 20 21 22 25 27 28 29 30
37 -1 17 0 1 2 3 7 12 13 15 16 21 22 24 25 30 34 35 36
37 1 17 0 1 3 9 11 14 15 16 17 20 21 22 23 26 28 34 36
41 -1 13 0 1 2 3 13 16 19 22 25 28 38 39 40
41 1 13 0 1 2 3 13 16 19 22 25 28 38 39 40
43 -1 21 0 1 3 4 7 9 10 13 14 15 17 26 28 29 30 33 34 36 39 40 42
43 1 21 0 1 3 4 9 10 13 14 15 17 18 25 26 28 29 30 33 34 39 40 42
47 -1 23 0 1 3 5 8 10 11 12 15 16 18 20 27 29 31 32 35 36 37 39 42 44 46
47 1 23 0 1 3 4 5 8 9 10 12 18 19 21 26 28 29 35 37 38 39 42 43 44 46
53 -1 19 0 1 3 5 8 11 13 17 20 25 28 33 36 40 42 45 48 50 52
53 1 19 0 1 2 3 7 10 12 19 22 24 29 31 34 41 43 46 50 51 52
59 -1 21 0 1 2 3 6 7 10 11 13 26 29 30 33 46 48 49 52 53 56 57 58
59 1 21 0 1 3 6 8 11 16 18 27 28 29 30 31 32 41 43 48 51 53 56 58
61 -1 33 0 1 2 3 4 7 8 9 11 12 16 17 21 22 23 24 27 34 37 38 39 40 44 45 49 50 52 53 54 57 58 59 60
61 1 33 0 1 3 4 7 8 14 15 16 17 20 23 24 26 27 28 29 32 33 34 35 37 38 41 44 45 46 47 53 54 57 58 60
67 -1 33 0 1 3 4 6 8 11 12 13 14 20 21 24 25 27 30 33 34 37 40 42 43 46 47 53 54 55 56 59 61 63 64 66
67 1 33 0 1 3 5 6 8 15 16 17 18 19 20 24 25 26 30 33 34 37 41 42 43 47 48 49 50 51 52 59 61 62 64 66
71 -1 23 0 1 3 4 8 14 16 19 23 28 30 33 38 41 43 48 52 55 57 63 67 68 70
71 1 23 0 1 3 7 13 15 17 22 26 27 28 31 40 43 44 45 49 54 56 58 64 68 70
73 -1 33 0 1 2 3 4 5 8 9 17 20 21 23 26 28 30 33 34 39 40 43 45 47 50 52 53 56 64 65 68 69 70 71 72
73 1 33 0 1 3 14 16 17 19 20 21 22 24 27 28 31 33 34 35 38 39 40 42 45 46 49 51 52 53 54 56 57 59 70 72
79 -1 19 0 1 3 8 9 12 17 32 33 37 42 46 47 62 67 70 71 76 78
79 1 19 0 1 3 17 20 26 30 32 36 37 42 43 47 49 53 59 62 76 78
83 -1 15 0 1 3 7 13 22 27 32 51 56 61 70 76 80 82
83 1 15 0 1 3 13 19 36 37 39 44 46 47 64 70 80 82
89 -1 21 0 1 2 3 5 23 28 34 41 42 43 46 47 48 55 61 66 84 86 87 88
89 1 21 0 1 2 3 4 13 16 19 35 39 43 46 50 54 70 73 76 85 86 87 88
97 -1 41 0 1 3 4 5 10 16 20 22 23 24 26 27 28 29 30 35 38 39 41 47 50 56 58 59 62 67 68 69 70 71 73 74 75 77 81 87 92 93 94 96
97 1 41 0 1 2 3 5 10 11 12 15 17 18 19 20 25 26 28 29 30 31 38 43 54 59 66 67 68 69 71 72 77 78 79 80 82 85 86 87 92 94 95 96
