MASK p=23 allowed=10/529 samples=[(11, 20, 10, 16), (11, 20, 13, 16), (16, 15, 7, 7), (16, 15, 16, 7), (18, 19, 2, 10), (18, 3, 11, 15), (18, 3, 12, 15), (18, 19, 21, 10)]
MASK p=29 allowed=20/841 samples=[(3, 23, 3, 26), (3, 25, 4, 14), (3, 18, 5, 11), (3, 18, 24, 11), (3, 25, 25, 14), (3, 23, 26, 26), (5, 20, 3, 4), (5, 20, 26, 4)]
MASK p=31 allowed=22/961 samples=[(7, 1, 15, 21), (7, 1, 16, 21), (8, 4, 14, 22), (8, 4, 17, 22), (10, 21, 2, 12), (10, 16, 5, 13), (10, 27, 6, 15), (10, 27, 25, 15)]
MASK p=37 allowed=46/1369 samples=[(2, 12, 3, 14), (2, 12, 34, 14), (3, 12, 11, 9), (3, 32, 12, 26), (3, 32, 25, 26), (3, 12, 26, 9), (4, 8, 9, 26), (4, 8, 28, 26)]
MASK p=41 allowed=38/1681 samples=[(10, 27, 13, 20), (10, 27, 28, 20), (18, 35, 6, 39), (18, 35, 35, 39), (19, 37, 17, 15), (19, 26, 20, 7), (19, 26, 21, 7), (19, 37, 24, 15)]
MASK p=43 allowed=38/1849 samples=[(7, 7, 15, 17), (7, 3, 20, 35), (7, 3, 23, 35), (7, 7, 28, 17), (12, 39, 20, 24), (12, 39, 23, 24), (13, 6, 15, 29), (13, 6, 28, 29)]
MASK p=47 allowed=42/2209 samples=[(5, 43, 2, 18), (5, 43, 45, 18), (12, 9, 4, 30), (12, 22, 19, 13), (12, 22, 28, 13), (12, 9, 43, 30), (14, 6, 19, 38), (14, 6, 28, 38)]
MASK p=53 allowed=38/2809 samples=[(6, 0, 25, 46), (6, 0, 28, 46), (11, 3, 18, 38), (11, 3, 35, 38), (13, 34, 1, 4), (13, 34, 52, 4), (16, 35, 12, 44), (16, 35, 41, 44)]
MASK p=59 allowed=48/3481 samples=[(5, 48, 6, 40), (5, 48, 53, 40), (6, 6, 10, 3), (6, 6, 49, 3), (7, 25, 14, 31), (7, 25, 45, 31), (14, 52, 12, 15), (14, 52, 47, 15)]
MASK p=61 allowed=54/3721 samples=[(3, 43, 15, 47), (3, 43, 46, 47), (5, 39, 29, 27), (5, 39, 32, 27), (14, 5, 8, 39), (14, 5, 53, 39), (15, 14, 21, 56), (15, 14, 40, 56)]
MASK p=67 allowed=50/4489 samples=[(3, 33, 11, 49), (3, 33, 56, 49), (7, 17, 18, 59), (7, 17, 49, 59), (8, 52, 1, 25), (8, 52, 66, 25), (10, 43, 24, 63), (10, 43, 43, 63)]
MASK p=71 allowed=56/5041 samples=[(2, 65, 35, 62), (2, 65, 36, 62), (4, 6, 13, 11), (4, 6, 58, 11), (12, 26, 7, 61), (12, 26, 64, 61), (25, 68, 20, 55), (25, 68, 51, 55)]
SEARCH H=100 values=12175 bvalues=12172 zvalues=12174 tested=148181928
PASS_COUNTS [('start', 148181928), (23, 37696484), (29, 7287580), (31, 1190962), (37, 152522), (41, 11814), (43, 898), (47, 52), (53, 2), (59, 0), (61, 0), (67, 0), (71, 0)]
SURVIVORS 0
