BMASK p=23 allowed_open_b=4/23 values=[11, 16, 18, 22]
BMASK p=29 allowed_open_b=8/29 values=[3, 5, 11, 13, 17, 26, 27, 28]
BMASK p=31 allowed_open_b=7/31 values=[7, 8, 10, 15, 23, 25, 28]
BMASK p=37 allowed_open_b=18/37 values=[2, 3, 4, 5, 6, 18, 20, 21, 22, 24, 27, 28, 29, 30, 32, 33, 35, 36]
BMASK p=41 allowed_open_b=14/41 values=[10, 18, 19, 22, 23, 24, 25, 26, 30, 32, 37, 38, 39, 40]
BMASK p=43 allowed_open_b=16/43 values=[7, 12, 13, 17, 18, 21, 23, 26, 30, 32, 34, 36, 37, 39, 40, 42]
BMASK p=47 allowed_open_b=18/47 values=[5, 12, 14, 16, 17, 19, 26, 27, 28, 29, 32, 36, 39, 40, 41, 42, 43, 46]
BMASK p=53 allowed_open_b=16/53 values=[6, 11, 13, 16, 18, 19, 23, 25, 29, 32, 35, 37, 42, 44, 45, 46]
BMASK p=59 allowed_open_b=19/59 values=[5, 6, 7, 14, 15, 18, 19, 22, 23, 25, 27, 34, 36, 40, 42, 48, 49, 50, 55]
BMASK p=61 allowed_open_b=20/61 values=[3, 5, 14, 15, 21, 24, 26, 30, 33, 34, 35, 39, 43, 45, 48, 49, 51, 54, 56, 60]
BMASK p=67 allowed_open_b=24/67 values=[3, 7, 8, 10, 13, 15, 16, 18, 19, 24, 25, 27, 28, 33, 38, 40, 42, 44, 49, 51, 55, 57, 63, 66]
BMASK p=71 allowed_open_b=22/71 values=[2, 4, 12, 25, 29, 30, 32, 33, 37, 39, 40, 44, 46, 47, 48, 49, 50, 51, 57, 61, 66, 68]
BMASK p=73 allowed_open_b=31/73 values=[3, 5, 6, 8, 9, 10, 11, 13, 16, 20, 21, 22, 24, 26, 27, 34, 36, 38, 41, 43, 46, 47, 49, 51, 52, 56, 59, 62, 65, 67, 69]
BMASK p=79 allowed_open_b=25/79 values=[2, 8, 15, 17, 18, 25, 28, 29, 41, 42, 46, 49, 50, 55, 58, 60, 61, 62, 63, 65, 70, 71, 72, 75, 78]
BMASK p=83 allowed_open_b=24/83 values=[4, 7, 8, 10, 17, 22, 24, 31, 36, 40, 52, 53, 57, 58, 59, 62, 65, 68, 69, 73, 77, 78, 79, 81]
BMASK p=89 allowed_open_b=28/89 values=[2, 3, 6, 8, 11, 13, 14, 19, 21, 24, 25, 33, 38, 51, 54, 56, 58, 59, 60, 64, 66, 74, 75, 79, 82, 86, 87, 88]
BMASK p=97 allowed_open_b=31/97 values=[2, 5, 6, 8, 10, 11, 14, 17, 21, 24, 25, 26, 30, 36, 39, 42, 45, 47, 55, 56, 60, 61, 66, 68, 69, 71, 73, 74, 90, 93, 95]
BMASK p=103 allowed_open_b=40/103 values=[4, 7, 8, 11, 12, 13, 18, 20, 21, 23, 25, 30, 31, 32, 33, 34, 35, 36, 45, 48, 49, 50, 53, 56, 59, 60, 61, 64, 67, 79, 83, 84, 85, 87, 90, 91, 97, 99, 100, 102]
BSEARCH H=5000 tested=30401828
PASS_COUNTS [('start', 30401828), (23, 10135567), (29, 4054444), (31, 1394335), (37, 805325), (41, 344556), (43, 156390), (47, 71527), (53, 26323), (59, 10090), (61, 3900), (67, 1587), (71, 554), (73, 253), (79, 93), (83, 29), (89, 6), (97, 1), (103, 0)]
B_SURVIVORS 0
