[1008,1344,1369,2352]
[1008,3528,4489,4536]
[120,600,720,961]
[122,325,650,1300]
[1274,1911,4698,7644]
[13,208,234,3530]
[13,208,234,5162]
[13,26,52,122]
[13,26,52,170]
[14,49,112,146]
[143,213,429,1287]
[143,572,956,2288]
[144,1274,1911,3822]
[1440,2400,2401,3840]
[1573,2055,4719,14157]
[1584,7128,8712,10609]
[168,1008,1176,1849]
[169,4225,7065,10985]
[1716,2106,3146,5907]
[1725,3744,4160,6240]
[182,273,774,1092]
[182,489,1092,1638]
[224,1568,1792,3249]
[24,48,49,72]
[240,360,361,600]
[247,604,988,3952]
[2520,5880,6241,8400]
[26,91,208,230]
[288,2304,2592,5329]
[2880,3600,3721,6480]
[289,338,676,8450]
[2925,3900,5200,9348]
[3168,8448,9409,11616]
[325,975,2343,2925]
[338,507,1164,3042]
[34,65,130,260]
[351,602,1404,2106]
[3510,5265,5616,7750]
[360,3240,3600,8281]
[364,637,1638,2090]
[375,936,1040,1560]
[39,58,156,234]
[390,585,624,950]
[390,585,650,1104]
[3900,6292,7488,17169]
[440,4400,4840,12321]
[48,144,169,192]
[492,2223,2964,3952]
[4928,8624,8649,13552]
[507,1908,3380,8112]
[52,66,78,117]
[52,78,117,786]
[52,91,234,374]
[528,5808,6336,17689]
[536,1768,1989,3536]
[551,2704,3042,8450]
[560,1400,1521,1960]
[585,780,1040,2676]
[598,1174,2691,4784]
[6,572,858,1287]
[65,195,411,585]
[6600,7920,8281,14520]
[6760,10816,10985,15000]
[78,117,130,192]
[786,6292,9438,14157]
[80,320,400,441]
[819,1456,1638,3546]
[975,1392,3250,5850]
[98,291,588,882]
