[1,98,100,13442]
[10062,42964,82173,144222]
[10062,46324,82173,144222]
[1008,1344,1369,2352]
[1008,3528,4489,4536]
[1009,4205,7105,18125]
[1014,3718,4928,143143]
[104,12480,23400,27555]
[1040,1820,3185,20636]
[10400,16640,16641,27040]
[10465,18837,22425,44835]
[10485,32825,59085,106353]
[10504,20160,20475,32760]
[10521,16428,16576,21756]
[10560,29040,32761,39600]
[1058,13225,26450,28900]
[10647,17125,41405,76895]
[10647,19525,41405,76895]
[10647,19773,41405,123543]
[10647,35490,66000,153790]
[1088,17408,18496,74529]
[1092,1911,1950,2926]
[10944,58368,69312,97969]
[11032,30056,33813,60112]
[11100,62244,98553,193648]
[1131,18473,30537,50955]
[11440,11583,21450,105090]
[1152,3003,4992,16640]
[1157,11570,13970,115700]
[1157,8469,10413,93717]
[115700,127270,139997,163130]
[117,195,325,19995]
[117,195,325,5595]
[11742,12740,28665,95550]
[11914,78650,100100,175175]
[1196,6877,14950,15674]
[1196,6877,14950,17834]
[120,600,720,961]
[12103,17290,24700,100310]
[12144,30264,61789,90792]
[122,325,650,1300]
[1224,20808,22032,94249]
[12240,69360,81600,121801]
[12306,25740,30030,35035]
[12312,24375,26000,39000]
[1235,1950,4794,9360]
[12440,52488,54675,174960]
[12493,14508,39494,89162]
[12600,22680,22801,35280]
[12688,34892,81356,95953]
[1274,1911,4698,7644]
[1274,31213,63386,63700]
[1274,31850,50960,89465]
[13,1274,1300,119306]
[13,195,325,595]
[13,208,234,3530]
[13,208,234,5162]
[13,26,52,122]
[13,26,52,170]
[130,1953,2340,19890]
[13104,15288,16129,28392]
[13156,23023,29302,62678]
[1326,16575,21658,92304]
[13325,29315,64493,101915]
[13380,42237,56316,75088]
[13570,36855,68796,122850]
[13572,15834,18473,26502]
[1365,3276,5900,21840]
[1368,24624,25992,117649]
[13754,22425,43056,169422]
[13754,30362,61893,110032]
[13923,21658,30618,31824]
[14,49,112,146]
[14144,45968,56169,60112]
[14157,25590,47190,157300]
[1417,11770,14170,141700]
[1417,15587,18491,171457]
[14196,15210,43610,88725]
[143,213,429,1287]
[143,2288,3534,7150]
[143,572,956,2288]
[144,1274,1911,3822]
[1440,2400,2401,3840]
[1482,4940,11115,15450]
[1504,9984,14079,18720]
[15048,95304,110352,182329]
[1520,28880,30400,145161]
[1521,38025,66785,98865]
[1525,4368,8190,19110]
[1558,6864,9438,11583]
[156,585,650,2490]
[1560,3136,3185,5096]
[1573,2055,4719,14157]
[1573,6292,11476,25168]
[1584,7128,8712,10609]
[15912,46959,86632,169728]
[1600,22932,28665,114660]
[161,702,1092,3822]
[1612,1630,4030,10075]
[1612,5642,10346,19747]
[16164,21008,47268,106353]
[16562,24336,49686,173019]
[1664,23885,41600,66560]
[168,1008,1176,1849]
[1680,33600,35280,177241]
[169,4225,7065,10985]
[1716,2106,3146,5907]
[17160,18876,21060,23375]
[1720,8424,8775,28080]
[1725,3744,4160,6240]
[1734,21675,28322,147456]
[17451,60515,77805,100035]
[17472,38220,89125,147420]
[1755,5616,10530,25850]
[176,484,539,2012]
[17600,38720,40401,56320]
[180,429,780,2600]
[182,273,774,1092]
[182,4459,9100,9638]
[182,489,1092,1638]
[18240,68400,86640,90601]
[1846,65533,131882,132912]
[1846,65533,132912,138890]
[18507,68159,104325,112671]
[18590,59760,139425,145002]
[188,2209,4606,5090]
[18928,30758,40898,149891]
[18928,30758,40898,85211]
[1898,23725,35450,94900]
[190,4004,7150,7865]
[19175,46020,110448,132420]
[19240,34632,36075,57360]
[1941,6435,10725,35035]
[19747,25389,32643,69867]
[1980,4356,4400,8595]
[1989,5525,8973,33813]
[2002,4800,5850,6825]
[20400,48960,52441,69360]
[2060,6032,7540,9425]
[20748,43830,121030,129675]
[2080,3744,10875,12480]
[2125,4368,8190,19110]
[221,3536,4328,30056]
[2223,5187,12103,15771]
[2230,6864,9438,11583]
[2232,4875,5200,7800]
[22356,61347,145002,182182]
[224,1568,1792,3249]
[22530,31005,33072,34450]
[2270,28028,50050,55055]
[22848,97104,119952,139129]
[2288,12584,14872,21609]
[2288,2860,3575,6740]
[2288,6292,7007,19436]
[231,539,891,7287]
[23400,60840,67081,84240]
[23465,37050,81006,177840]
[23520,26880,28561,50400]
[23576,45227,51688,59072]
[2366,8281,8450,28112]
[24,48,49,72]
[240,360,361,600]
[2418,8060,12735,60450]
[2444,28717,59878,60458]
[247,1235,1835,6175]
[247,604,988,3952]
[2490,28314,31460,117975]
[2496,5460,11275,21060]
[25168,31460,39325,59740]
[2520,5880,6241,8400]
[2535,8112,8450,27990]
[2535,8450,13182,52560]
[2535,8450,13182,77760]
[25480,37440,42120,62271]
[2555,19175,26845,37583]
[25608,45552,46501,68328]
[25731,54782,60372,90558]
[25740,56628,57200,106335]
[25792,35464,48763,150392]
[26,403,832,902]
[26,650,1040,1985]
[26,91,208,230]
[260,3900,7599,9360]
[26117,29848,34112,45416]
[2646,6864,7007,14014]
[26474,71981,73450,164528]
[26600,74480,84681,101080]
[2680,25675,41080,65728]
[26928,49368,49729,76296]
[2704,8281,17576,24552]
[27135,112710,180336,187850]
[272,289,850,1298]
[282,364,819,2730]
[2821,2961,6045,59241]
[28224,36288,37249,64512]
[28717,30550,87984,142154]
[28717,30550,87984,188714]
[288,2304,2592,5329]
[2880,3600,3721,6480]
[289,338,676,8450]
[2925,3900,5200,9348]
[30324,72090,176890,189525]
[3042,12675,13520,53970]
[3068,13806,21582,62127]
[3068,6034,10738,37583]
[3094,41866,68068,119119]
[310,1365,2548,4550]
[3120,20280,23400,39601]
[3168,8448,9409,11616]
[3185,5005,7865,137291]
[32436,61347,145002,182182]
[325,520,832,37880]
[325,975,2343,2925]
[3250,10594,20800,39325]
[326,1430,2288,7007]
[3302,6720,8190,9555]
[3315,32487,68075,69615]
[33320,47600,47961,80920]
[33600,107520,130321,141120]
[338,507,1164,3042]
[3384,5720,10725,34320]
[3388,12688,22204,38857]
[34,289,612,626]
[34,65,130,260]
[350,1540,1694,7535]
[351,5265,8775,14465]
[351,602,1404,2106]
[3510,5265,5616,7750]
[3536,13312,23477,60112]
[3536,3757,11050,22154]
[35568,77064,80089,112632]
[3575,5005,7007,24395]
[3575,6435,11583,55035]
[360,3240,3600,8281]
[3600,28158,46930,70395]
[3627,9672,23496,25792]
[364,637,1638,2090]
[36400,36855,57330,103014]
[37400,127160,159201,164560]
[375,936,1040,1560]
[3757,14144,21658,119738]
[3757,14144,21658,83450]
[377,1285,1885,9425]
[377,2262,3126,13572]
[3794,15730,20020,35035]
[38,1900,2299,11702]
[380,1425,2178,10830]
[3822,47775,91728,120506]
[38808,60984,61009,99792]
[39,58,156,234]
[390,1300,1573,2010]
[390,585,624,950]
[390,585,650,1104]
[3900,31850,68250,68607]
[3900,6292,7488,17169]
[39168,44064,47089,83232]
[39325,55055,77077,150745]
[3978,13923,21658,120204]
[403,468,1274,2150]
[4035,13377,15925,28665]
[4080,30600,34680,67081]
[41112,74048,83304,93717]
[4117,4394,8788,109850]
[414,529,1472,2690]
[41400,149040,190440,192721]
[416,6215,10400,16640]
[42240,46464,51840,62425]
[4394,6591,13692,39546]
[440,4400,4840,12321]
[442,3757,7956,9050]
[44590,63700,77077,125810]
[44688,76608,76729,121296]
[45760,51480,57915,72936]
[45760,64350,70785,96534]
[4602,42405,75166,110448]
[4641,21658,22542,116928]
[4641,21658,22542,95760]
[4680,15600,19321,20280]
[4693,10516,18772,75088]
[4693,23465,37265,117325]
[4745,21600,33696,112320]
[48,144,169,192]
[4850,7153,19012,23474]
[4875,16250,18000,60762]
[4875,5952,16250,29250]
[492,2223,2964,3952]
[4928,8624,8649,13552]
[4940,14454,22230,100035]
[4940,27170,38786,149435]
[507,1908,3380,8112]
[507,6084,8788,23808]
[507,6084,8788,27840]
[5070,7605,18050,32448]
[50960,94640,95481,145600]
[5123,35152,39546,109850]
[516,8892,14079,27664]
[5168,43928,49096,106929]
[5170,10829,22100,37570]
[52,66,78,117]
[52,78,117,786]
[52,780,1419,1872]
[52,91,234,374]
[520,936,2325,3120]
[528,5808,6336,17689]
[533,2334,3198,19188]
[533,3731,4907,26117]
[53504,73568,74529,127072]
[536,1768,1989,3536]
[5382,6877,19136,27098]
[5415,35427,63175,113715]
[5422,35568,72618,89661]
[546,2620,4095,13650]
[5460,6370,8211,10530]
[5484,10647,18928,99372]
[5499,9776,23256,43992]
[551,2704,3042,8450]
[5544,20328,25872,26569]
[560,1400,1521,1960]
[560,567,882,2502]
[5610,13325,15990,19188]
[5655,10656,24128,36192]
[572,1430,3575,3830]
[572,9438,11583,66606]
[572,9438,11583,81726]
[5725,6175,18525,29887]
[5733,10192,11466,20502]
[576,6591,8788,26364]
[5772,30303,53872,113484]
[578,7502,12716,22253]
[5832,12584,23595,75504]
[585,16250,21060,78426]
[585,780,1040,2676]
[5883,14157,23595,77077]
[5915,10647,18075,124215]
[5929,13468,24050,60606]
[5967,21658,23868,127494]
[598,1174,2691,4784]
[598,7475,14950,17900]
[6,572,858,1287]
[6032,13572,30537,44676]
[6069,7137,16653,38857]
[60840,97344,98865,141400]
[61009,64220,109850,134330]
[611,1222,1964,30550]
[61347,72501,74529,80201]
[61560,68400,73441,129960]
[6175,7410,8892,14190]
[62127,75933,92807,159291]
[624,7488,8112,24649]
[62712,65325,68280,69680]
[6292,15730,39325,50530]
[6307,18954,29484,103194]
[6315,14352,14950,26910]
[637,10192,12136,86632]
[637,3276,4550,33434]
[637,4550,5824,40154]
[6384,60648,67032,162409]
[645,3627,6045,10075]
[6490,16562,29575,94640]
[65,195,411,585]
[65,200,312,1040]
[65,208,390,750]
[65286,103168,118482,195063]
[66,2475,3630,8720]
[6600,7920,8281,14520]
[6615,15876,26500,105840]
[663,8309,16575,17901]
[66870,114777,127530,141700]
[6734,11809,24050,53872]
[6760,10816,10985,15000]
[6877,29302,43056,184778]
[689,1858,2756,34450]
[69888,113568,113569,183456]
[7,36,50,254]
[7007,12012,20592,181356]
[71280,87120,90601,158400]
[7137,23790,45390,79300]
[715,3829,5005,35035]
[715,5720,7256,45760]
[7176,14352,14651,26856]
[728,9464,10192,33489]
[741,5145,8645,15561]
[74529,129792,132020,184548]
[74763,83070,92300,111330]
[7488,16848,17689,24336]
[7488,32448,39936,47089]
[7490,77077,110110,157300]
[7644,28665,31850,190410]
[78,117,130,192]
[78,975,1872,2234]
[780,2548,5200,7755]
[7800,18200,34125,119952]
[786,6292,9438,14157]
[80,320,400,441]
[806,12493,25792,25850]
[819,1456,1638,3546]
[8372,57408,106029,175812]
[8372,78144,169533,175812]
[840,11760,12600,44521]
[8400,11760,11881,20160]
[8424,8775,14040,25840]
[8528,21853,52234,60842]
[8528,21853,52234,73610]
[855,6630,10608,11050]
[8568,39984,48552,61009]
[858,32175,47190,104960]
[8658,16548,47138,50505]
[871,11056,15678,43550]
[8757,56056,113256,144144]
[8892,16302,29887,120846]
[8892,9105,24700,59280]
[897,14651,22425,46899]
[91,650,832,8342]
[9152,12870,14157,21726]
[923,5848,7384,59072]
[923,8307,10251,74763]
[92400,101640,109561,194040]
[9243,10824,24648,65728]
[9243,33891,60027,124267]
[93002,114829,138554,195596]
[936,975,1560,5360]
[9405,20670,34450,132288]
[9435,50960,80262,95550]
[952,47775,70200,109200]
[9555,22932,63700,66480]
[9594,21853,53300,63626]
[9594,21853,53300,77786]
[960,14400,15360,58081]
[962,15025,24050,48100]
[962,69264,141339,141414]
[975,1392,3250,5850]
[975,3250,3600,17394]
[98,291,588,882]
[988,3705,5346,28158]
