[ 1, 8, 24, 44 ]
[ 1, 10, 12, 31 ]
[ 1, 10, 12, 34 ]
[ 1, 10, 14, 44 ]
[ 1, 12, 18, 23 ]
[ 1, 12, 29, 47 ]
[ 1, 15, 18, 31 ]
[ 1, 17, 19, 30 ]
[ 1, 18, 28, 44 ]
[ 1, 19, 22, 48 ]
[ 1, 21, 25, 36 ]
[ 2, 3, 37, 46 ]
[ 2, 4, 29, 49 ]
[ 2, 11, 29, 45 ]
[ 2, 15, 29, 33 ]
[ 2, 15, 42, 45 ]
[ 2, 23, 32, 41 ]
[ 2, 24, 30, 39 ]
[ 2, 24, 39, 43 ]
[ 2, 26, 37, 43 ]
[ 2, 29, 35, 42 ]
[ 2, 30, 39, 41 ]
[ 2, 33, 36, 41 ]
[ 2, 36, 41, 46 ]
[ 3, 5, 34, 39 ]
[ 3, 6, 26, 49 ]
[ 3, 6, 37, 41 ]
[ 3, 11, 16, 43 ]
[ 3, 11, 32, 50 ]
[ 3, 22, 28, 42 ]
[ 3, 28, 41, 46 ]
[ 4, 5, 33, 45 ]
[ 4, 5, 33, 46 ]
[ 4, 6, 35, 40 ]
[ 4, 9, 31, 39 ]
[ 4, 13, 15, 41 ]
[ 4, 13, 24, 37 ]
[ 4, 13, 43, 44 ]
[ 4, 19, 27, 30 ]
[ 4, 20, 21, 33 ]
[ 4, 25, 33, 43 ]
[ 4, 25, 35, 46 ]
[ 5, 6, 32, 35 ]
[ 5, 8, 37, 38 ]
[ 5, 8, 38, 50 ]
[ 5, 12, 36, 38 ]
[ 5, 13, 42, 44 ]
[ 5, 14, 29, 40 ]
[ 5, 16, 31, 39 ]
[ 5, 17, 20, 46 ]
[ 5, 18, 25, 50 ]
[ 5, 28, 34, 40 ]
[ 6, 7, 17, 44 ]
[ 6, 10, 13, 23 ]
[ 6, 11, 23, 37 ]
[ 6, 13, 29, 49 ]
[ 6, 15, 23, 37 ]
[ 6, 17, 21, 46 ]
[ 6, 17, 32, 47 ]
[ 6, 24, 29, 37 ]
[ 6, 29, 37, 41 ]
[ 6, 31, 33, 48 ]
[ 7, 10, 16, 26 ]
[ 7, 15, 23, 24 ]
[ 7, 17, 20, 31 ]
[ 7, 17, 40, 48 ]
[ 7, 18, 19, 43 ]
[ 7, 18, 20, 35 ]
[ 7, 30, 31, 33 ]
[ 7, 30, 32, 44 ]
[ 7, 30, 38, 48 ]
[ 7, 32, 43, 44 ]
[ 7, 43, 44, 46 ]
[ 8, 9, 13, 48 ]
[ 8, 9, 19, 32 ]
[ 8, 22, 26, 43 ]
[ 8, 25, 29, 40 ]
[ 8, 25, 36, 38 ]
[ 8, 27, 34, 41 ]
[ 8, 27, 44, 50 ]
[ 8, 33, 35, 45 ]
[ 9, 11, 26, 50 ]
[ 9, 13, 34, 48 ]
[ 9, 20, 32, 47 ]
[ 9, 38, 43, 46 ]
[ 9, 40, 46, 48 ]
[ 10, 11, 33, 41 ]
[ 10, 13, 36, 46 ]
[ 10, 22, 41, 42 ]
[ 10, 23, 39, 45 ]
[ 10, 24, 33, 41 ]
[ 10, 29, 41, 43 ]
[ 10, 32, 37, 41 ]
[ 10, 33, 37, 50 ]
[ 10, 33, 41, 50 ]
[ 11, 13, 15, 22 ]
[ 11, 15, 26, 43 ]
[ 11, 20, 37, 49 ]
[ 11, 22, 39, 41 ]
[ 11, 25, 31, 34 ]
[ 11, 29, 37, 46 ]
[ 11, 31, 38, 44 ]
[ 12, 14, 23, 31 ]
[ 12, 17, 20, 43 ]
[ 12, 17, 22, 45 ]
[ 12, 17, 33, 43 ]
[ 12, 19, 33, 39 ]
[ 12, 22, 33, 43 ]
[ 12, 31, 34, 41 ]
[ 13, 18, 36, 44 ]
[ 13, 22, 35, 47 ]
[ 13, 30, 44, 48 ]
[ 14, 16, 27, 31 ]
[ 14, 21, 37, 47 ]
[ 14, 22, 30, 45 ]
[ 14, 29, 31, 40 ]
[ 14, 31, 37, 44 ]
[ 14, 31, 37, 47 ]
[ 14, 32, 43, 48 ]
[ 14, 33, 35, 48 ]
[ 15, 16, 17, 29 ]
[ 15, 16, 30, 36 ]
[ 15, 26, 43, 50 ]
[ 15, 28, 29, 46 ]
[ 15, 29, 37, 46 ]
[ 15, 30, 36, 49 ]
[ 15, 38, 44, 47 ]
[ 16, 23, 28, 35 ]
[ 16, 23, 39, 46 ]
[ 16, 25, 27, 31 ]
[ 16, 36, 39, 46 ]
[ 16, 41, 45, 50 ]
[ 17, 20, 40, 48 ]
[ 17, 21, 26, 48 ]
[ 17, 21, 33, 46 ]
[ 17, 22, 33, 40 ]
[ 17, 24, 39, 50 ]
[ 17, 29, 37, 49 ]
[ 17, 31, 39, 43 ]
[ 18, 24, 25, 44 ]
[ 18, 25, 29, 38 ]
[ 18, 25, 34, 37 ]
[ 18, 30, 32, 33 ]
[ 19, 24, 36, 50 ]
[ 19, 29, 37, 41 ]
[ 20, 31, 43, 45 ]
[ 20, 32, 34, 43 ]
[ 20, 37, 42, 50 ]
[ 21, 24, 25, 47 ]
[ 21, 25, 37, 44 ]
[ 22, 30, 33, 38 ]
[ 23, 28, 29, 43 ]
[ 23, 29, 30, 37 ]
[ 24, 25, 34, 44 ]
[ 24, 29, 37, 45 ]
[ 24, 29, 48, 49 ]
[ 25, 27, 42, 44 ]
[ 25, 31, 38, 49 ]
[ 25, 34, 38, 49 ]
[ 26, 31, 35, 43 ]
[ 27, 32, 35, 43 ]
[ 28, 29, 32, 50 ]
[ 28, 29, 33, 41 ]
[ 28, 29, 37, 46 ]
[ 29, 32, 37, 50 ]
[ 29, 37, 48, 49 ]
[ 30, 35, 40, 46 ]
[ 30, 39, 43, 44 ]
[ 33, 35, 46, 47 ]
