# a,b,c,d | signatures
0,0,0,1 | E12++E12-+E13++E13-+E23++E23-+Z1+Z2+Z3
0,0,0,2 | E12++E12-+E13++E13-+E23++E23-+Z1+Z2+Z3
0,0,0,3 | E12++E12-+E13++E13-+E23++E23-+Z1+Z2+Z3
0,0,0,4 | E12++E12-+E13++E13-+E23++E23-+Z1+Z2+Z3
0,0,0,5 | E12++E12-+E13++E13-+E23++E23-+Z1+Z2+Z3
0,0,0,6 | E12++E12-+E13++E13-+E23++E23-+Z1+Z2+Z3
0,0,0,7 | E12++E12-+E13++E13-+E23++E23-+Z1+Z2+Z3
0,0,0,8 | E12++E12-+E13++E13-+E23++E23-+Z1+Z2+Z3
0,0,0,9 | E12++E12-+E13++E13-+E23++E23-+Z1+Z2+Z3
0,0,0,10 | E12++E12-+E13++E13-+E23++E23-+Z1+Z2+Z3
0,0,0,11 | E12++E12-+E13++E13-+E23++E23-+Z1+Z2+Z3
0,0,0,12 | E12++E12-+E13++E13-+E23++E23-+Z1+Z2+Z3
0,0,1,0 | E12++E12-+E14++E14-+E24++E24-+Z1+Z2+Z4
0,0,2,0 | E12++E12-+E14++E14-+E24++E24-+Z1+Z2+Z4
0,0,3,0 | E12++E12-+E14++E14-+E24++E24-+Z1+Z2+Z4
0,0,4,0 | E12++E12-+E14++E14-+E24++E24-+Z1+Z2+Z4
0,0,5,0 | E12++E12-+E14++E14-+E24++E24-+Z1+Z2+Z4
0,0,6,0 | E12++E12-+E14++E14-+E24++E24-+Z1+Z2+Z4
0,0,7,0 | E12++E12-+E14++E14-+E24++E24-+Z1+Z2+Z4
0,0,8,0 | E12++E12-+E14++E14-+E24++E24-+Z1+Z2+Z4
0,0,9,0 | E12++E12-+E14++E14-+E24++E24-+Z1+Z2+Z4
0,0,10,0 | E12++E12-+E14++E14-+E24++E24-+Z1+Z2+Z4
0,0,11,0 | E12++E12-+E14++E14-+E24++E24-+Z1+Z2+Z4
0,0,12,0 | E12++E12-+E14++E14-+E24++E24-+Z1+Z2+Z4
0,1,0,0 | E13++E13-+E14++E14-+E34++E34-+Z1+Z3+Z4
0,1,1,2 | E23++Z1
0,1,1,11 | E23++Z1
0,1,2,1 | E24++Z1
0,1,2,12 | E24-+Z1
0,1,6,6 | E34++Z1
0,1,6,7 | E34-+Z1
0,1,7,6 | E34-+Z1
0,1,7,7 | E34++Z1
0,1,11,1 | E24++Z1
0,1,11,12 | E24-+Z1
0,1,12,2 | E23-+Z1
0,1,12,11 | E23-+Z1
0,2,0,0 | E13++E13-+E14++E14-+E34++E34-+Z1+Z3+Z4
0,2,1,1 | E34++Z1
0,2,1,12 | E34-+Z1
0,2,2,4 | E23++Z1
0,2,2,9 | E23++Z1
0,2,4,2 | E24++Z1
0,2,4,11 | E24-+Z1
0,2,9,2 | E24++Z1
0,2,9,11 | E24-+Z1
0,2,11,4 | E23-+Z1
0,2,11,9 | E23-+Z1
0,2,12,1 | E34-+Z1
0,2,12,12 | E34++Z1
0,3,0,0 | E13++E13-+E14++E14-+E34++E34-+Z1+Z3+Z4
0,3,3,6 | E23++Z1
0,3,3,7 | E23++Z1
0,3,5,5 | E34++Z1
0,3,5,8 | E34-+Z1
0,3,6,3 | E24++Z1
0,3,6,10 | E24-+Z1
0,3,7,3 | E24++Z1
0,3,7,10 | E24-+Z1
0,3,8,5 | E34-+Z1
0,3,8,8 | E34++Z1
0,3,10,6 | E23-+Z1
0,3,10,7 | E23-+Z1
0,4,0,0 | E13++E13-+E14++E14-+E34++E34-+Z1+Z3+Z4
0,4,2,2 | E34++Z1
0,4,2,11 | E34-+Z1
0,4,4,5 | E23++Z1
0,4,4,8 | E23++Z1
0,4,5,4 | E24++Z1
0,4,5,9 | E24-+Z1
0,4,8,4 | E24++Z1
0,4,8,9 | E24-+Z1
0,4,9,5 | E23-+Z1
0,4,9,8 | E23-+Z1
0,4,11,2 | E34-+Z1
0,4,11,11 | E34++Z1
0,5,0,0 | E13++E13-+E14++E14-+E34++E34-+Z1+Z3+Z4
0,5,3,5 | E24++Z1
0,5,3,8 | E24-+Z1
0,5,4,4 | E34++Z1
0,5,4,9 | E34-+Z1
0,5,5,3 | E23++Z1
0,5,5,10 | E23++Z1
0,5,8,3 | E23-+Z1
0,5,8,10 | E23-+Z1
0,5,9,4 | E34-+Z1
0,5,9,9 | E34++Z1
0,5,10,5 | E24++Z1
0,5,10,8 | E24-+Z1
0,6,0,0 | E13++E13-+E14++E14-+E34++E34-+Z1+Z3+Z4
0,6,1,6 | E24++Z1
0,6,1,7 | E24-+Z1
0,6,3,3 | E34++Z1
0,6,3,10 | E34-+Z1
0,6,6,1 | E23++Z1
0,6,6,12 | E23++Z1
0,6,7,1 | E23-+Z1
0,6,7,12 | E23-+Z1
0,6,10,3 | E34-+Z1
0,6,10,10 | E34++Z1
0,6,12,6 | E24++Z1
0,6,12,7 | E24-+Z1
0,7,0,0 | E13++E13-+E14++E14-+E34++E34-+Z1+Z3+Z4
0,7,1,6 | E24-+Z1
0,7,1,7 | E24++Z1
0,7,3,3 | E34++Z1
0,7,3,10 | E34-+Z1
0,7,6,1 | E23-+Z1
0,7,6,12 | E23-+Z1
0,7,7,1 | E23++Z1
0,7,7,12 | E23++Z1
0,7,10,3 | E34-+Z1
0,7,10,10 | E34++Z1
0,7,12,6 | E24-+Z1
0,7,12,7 | E24++Z1
0,8,0,0 | E13++E13-+E14++E14-+E34++E34-+Z1+Z3+Z4
0,8,3,5 | E24-+Z1
0,8,3,8 | E24++Z1
0,8,4,4 | E34++Z1
0,8,4,9 | E34-+Z1
0,8,5,3 | E23-+Z1
0,8,5,10 | E23-+Z1
0,8,8,3 | E23++Z1
0,8,8,10 | E23++Z1
0,8,9,4 | E34-+Z1
0,8,9,9 | E34++Z1
0,8,10,5 | E24-+Z1
0,8,10,8 | E24++Z1
0,9,0,0 | E13++E13-+E14++E14-+E34++E34-+Z1+Z3+Z4
0,9,2,2 | E34++Z1
0,9,2,11 | E34-+Z1
0,9,4,5 | E23-+Z1
0,9,4,8 | E23-+Z1
0,9,5,4 | E24-+Z1
0,9,5,9 | E24++Z1
0,9,8,4 | E24-+Z1
0,9,8,9 | E24++Z1
0,9,9,5 | E23++Z1
0,9,9,8 | E23++Z1
0,9,11,2 | E34-+Z1
0,9,11,11 | E34++Z1
0,10,0,0 | E13++E13-+E14++E14-+E34++E34-+Z1+Z3+Z4
0,10,3,6 | E23-+Z1
0,10,3,7 | E23-+Z1
0,10,5,5 | E34++Z1
0,10,5,8 | E34-+Z1
0,10,6,3 | E24-+Z1
0,10,6,10 | E24++Z1
0,10,7,3 | E24-+Z1
0,10,7,10 | E24++Z1
0,10,8,5 | E34-+Z1
0,10,8,8 | E34++Z1
0,10,10,6 | E23++Z1
0,10,10,7 | E23++Z1
0,11,0,0 | E13++E13-+E14++E14-+E34++E34-+Z1+Z3+Z4
0,11,1,1 | E34++Z1
0,11,1,12 | E34-+Z1
0,11,2,4 | E23-+Z1
0,11,2,9 | E23-+Z1
0,11,4,2 | E24-+Z1
0,11,4,11 | E24++Z1
0,11,9,2 | E24-+Z1
0,11,9,11 | E24++Z1
0,11,11,4 | E23++Z1
0,11,11,9 | E23++Z1
0,11,12,1 | E34-+Z1
0,11,12,12 | E34++Z1
0,12,0,0 | E13++E13-+E14++E14-+E34++E34-+Z1+Z3+Z4
0,12,1,2 | E23-+Z1
0,12,1,11 | E23-+Z1
0,12,2,1 | E24-+Z1
0,12,2,12 | E24++Z1
0,12,6,6 | E34++Z1
0,12,6,7 | E34-+Z1
0,12,7,6 | E34-+Z1
0,12,7,7 | E34++Z1
0,12,11,1 | E24-+Z1
0,12,11,12 | E24++Z1
0,12,12,2 | E23++Z1
0,12,12,11 | E23++Z1
1,0,0,0 | E23++E23-+E24++E24-+E34++E34-+Z2+Z3+Z4
1,0,1,2 | E13++Z2
1,0,1,11 | E13++Z2
1,0,2,1 | E14++Z2
1,0,2,12 | E14-+Z2
1,0,6,6 | E34++Z2
1,0,6,7 | E34-+Z2
1,0,7,6 | E34-+Z2
1,0,7,7 | E34++Z2
1,0,11,1 | E14++Z2
1,0,11,12 | E14-+Z2
1,0,12,2 | E13-+Z2
1,0,12,11 | E13-+Z2
1,1,0,2 | E12++Z3
1,1,0,11 | E12++Z3
1,1,2,0 | E12++Z4
1,1,3,5 | E12+
1,1,3,8 | E12+
1,1,5,3 | E12+
1,1,5,10 | E12+
1,1,8,3 | E12+
1,1,8,10 | E12+
1,1,10,5 | E12+
1,1,10,8 | E12+
1,1,11,0 | E12++Z4
1,2,0,1 | E14++Z3
1,2,0,12 | E14-+Z3
1,2,1,0 | E13++Z4
1,2,5,5 | E34+
1,2,5,8 | E34-
1,2,8,5 | E34-
1,2,8,8 | E34+
1,2,12,0 | E13-+Z4
1,3,1,5 | E13+
1,3,1,8 | E13+
1,3,5,1 | E14+
1,3,5,12 | E14-
1,3,8,1 | E14+
1,3,8,12 | E14-
1,3,12,5 | E13-
1,3,12,8 | E13-
1,4,4,6 | E23+
1,4,4,7 | E23+
1,4,6,4 | E24+
1,4,6,9 | E24-
1,4,7,4 | E24+
1,4,7,9 | E24-
1,4,9,6 | E23-
1,4,9,7 | E23-
1,5,1,3 | E13+
1,5,1,10 | E13+
1,5,2,5 | E24+
1,5,2,8 | E24-
1,5,3,1 | E14+
1,5,3,12 | E14-
1,5,5,2 | E23+
1,5,5,11 | E23+
1,5,8,2 | E23-
1,5,8,11 | E23-
1,5,10,1 | E14+
1,5,10,12 | E14-
1,5,11,5 | E24+
1,5,11,8 | E24-
1,5,12,3 | E13-
1,5,12,10 | E13-
1,6,0,6 | E24++Z3
1,6,0,7 | E24-+Z3
1,6,4,4 | E34+
1,6,4,9 | E34-
1,6,6,0 | E23++Z4
1,6,7,0 | E23-+Z4
1,6,9,4 | E34-
1,6,9,9 | E34+
1,7,0,6 | E24-+Z3
1,7,0,7 | E24++Z3
1,7,4,4 | E34+
1,7,4,9 | E34-
1,7,6,0 | E23-+Z4
1,7,7,0 | E23++Z4
1,7,9,4 | E34-
1,7,9,9 | E34+
1,8,1,3 | E13+
1,8,1,10 | E13+
1,8,2,5 | E24-
1,8,2,8 | E24+
1,8,3,1 | E14+
1,8,3,12 | E14-
1,8,5,2 | E23-
1,8,5,11 | E23-
1,8,8,2 | E23+
1,8,8,11 | E23+
1,8,10,1 | E14+
1,8,10,12 | E14-
1,8,11,5 | E24-
1,8,11,8 | E24+
1,8,12,3 | E13-
1,8,12,10 | E13-
1,9,4,6 | E23-
1,9,4,7 | E23-
1,9,6,4 | E24-
1,9,6,9 | E24+
1,9,7,4 | E24-
1,9,7,9 | E24+
1,9,9,6 | E23+
1,9,9,7 | E23+
1,10,1,5 | E13+
1,10,1,8 | E13+
1,10,5,1 | E14+
1,10,5,12 | E14-
1,10,8,1 | E14+
1,10,8,12 | E14-
1,10,12,5 | E13-
1,10,12,8 | E13-
1,11,0,1 | E14++Z3
1,11,0,12 | E14-+Z3
1,11,1,0 | E13++Z4
1,11,5,5 | E34+
1,11,5,8 | E34-
1,11,8,5 | E34-
1,11,8,8 | E34+
1,11,12,0 | E13-+Z4
1,12,0,2 | E12-+Z3
1,12,0,11 | E12-+Z3
1,12,2,0 | E12-+Z4
1,12,3,5 | E12-
1,12,3,8 | E12-
1,12,5,3 | E12-
1,12,5,10 | E12-
1,12,8,3 | E12-
1,12,8,10 | E12-
1,12,10,5 | E12-
1,12,10,8 | E12-
1,12,11,0 | E12-+Z4
2,0,0,0 | E23++E23-+E24++E24-+E34++E34-+Z2+Z3+Z4
2,0,1,1 | E34++Z2
2,0,1,12 | E34-+Z2
2,0,2,4 | E13++Z2
2,0,2,9 | E13++Z2
2,0,4,2 | E14++Z2
2,0,4,11 | E14-+Z2
2,0,9,2 | E14++Z2
2,0,9,11 | E14-+Z2
2,0,11,4 | E13-+Z2
2,0,11,9 | E13-+Z2
2,0,12,1 | E34-+Z2
2,0,12,12 | E34++Z2
2,1,0,1 | E24++Z3
2,1,0,12 | E24-+Z3
2,1,1,0 | E23++Z4
2,1,5,5 | E34+
2,1,5,8 | E34-
2,1,8,5 | E34-
2,1,8,8 | E34+
2,1,12,0 | E23-+Z4
2,2,0,4 | E12++Z3
2,2,0,9 | E12++Z3
2,2,3,6 | E12+
2,2,3,7 | E12+
2,2,4,0 | E12++Z4
2,2,6,3 | E12+
2,2,6,10 | E12+
2,2,7,3 | E12+
2,2,7,10 | E12+
2,2,9,0 | E12++Z4
2,2,10,6 | E12+
2,2,10,7 | E12+
2,3,2,6 | E13+
2,3,2,7 | E13+
2,3,3,4 | E23+
2,3,3,9 | E23+
2,3,4,3 | E24+
2,3,4,10 | E24-
2,3,6,2 | E14+
2,3,6,11 | E14-
2,3,7,2 | E14+
2,3,7,11 | E14-
2,3,9,3 | E24+
2,3,9,10 | E24-
2,3,10,4 | E23-
2,3,10,9 | E23-
2,3,11,6 | E13-
2,3,11,7 | E13-
2,4,0,2 | E14++Z3
2,4,0,11 | E14-+Z3
2,4,2,0 | E13++Z4
2,4,3,3 | E34+
2,4,3,10 | E34-
2,4,10,3 | E34-
2,4,10,10 | E34+
2,4,11,0 | E13-+Z4
2,5,1,5 | E24+
2,5,1,8 | E24-
2,5,5,1 | E23+
2,5,5,12 | E23+
2,5,8,1 | E23-
2,5,8,12 | E23-
2,5,12,5 | E24+
2,5,12,8 | E24-
2,6,2,3 | E13+
2,6,2,10 | E13+
2,6,3,2 | E14+
2,6,3,11 | E14-
2,6,10,2 | E14+
2,6,10,11 | E14-
2,6,11,3 | E13-
2,6,11,10 | E13-
2,7,2,3 | E13+
2,7,2,10 | E13+
2,7,3,2 | E14+
2,7,3,11 | E14-
2,7,10,2 | E14+
2,7,10,11 | E14-
2,7,11,3 | E13-
2,7,11,10 | E13-
2,8,1,5 | E24-
2,8,1,8 | E24+
2,8,5,1 | E23-
2,8,5,12 | E23-
2,8,8,1 | E23+
2,8,8,12 | E23+
2,8,12,5 | E24-
2,8,12,8 | E24+
2,9,0,2 | E14++Z3
2,9,0,11 | E14-+Z3
2,9,2,0 | E13++Z4
2,9,3,3 | E34+
2,9,3,10 | E34-
2,9,10,3 | E34-
2,9,10,10 | E34+
2,9,11,0 | E13-+Z4
2,10,2,6 | E13+
2,10,2,7 | E13+
2,10,3,4 | E23-
2,10,3,9 | E23-
2,10,4,3 | E24-
2,10,4,10 | E24+
2,10,6,2 | E14+
2,10,6,11 | E14-
2,10,7,2 | E14+
2,10,7,11 | E14-
2,10,9,3 | E24-
2,10,9,10 | E24+
2,10,10,4 | E23+
2,10,10,9 | E23+
2,10,11,6 | E13-
2,10,11,7 | E13-
2,11,0,4 | E12-+Z3
2,11,0,9 | E12-+Z3
2,11,3,6 | E12-
2,11,3,7 | E12-
2,11,4,0 | E12-+Z4
2,11,6,3 | E12-
2,11,6,10 | E12-
2,11,7,3 | E12-
2,11,7,10 | E12-
2,11,9,0 | E12-+Z4
2,11,10,6 | E12-
2,11,10,7 | E12-
2,12,0,1 | E24-+Z3
2,12,0,12 | E24++Z3
2,12,1,0 | E23-+Z4
2,12,5,5 | E34+
2,12,5,8 | E34-
2,12,8,5 | E34-
2,12,8,8 | E34+
2,12,12,0 | E23++Z4
3,0,0,0 | E23++E23-+E24++E24-+E34++E34-+Z2+Z3+Z4
3,0,3,6 | E13++Z2
3,0,3,7 | E13++Z2
3,0,5,5 | E34++Z2
3,0,5,8 | E34-+Z2
3,0,6,3 | E14++Z2
3,0,6,10 | E14-+Z2
3,0,7,3 | E14++Z2
3,0,7,10 | E14-+Z2
3,0,8,5 | E34-+Z2
3,0,8,8 | E34++Z2
3,0,10,6 | E13-+Z2
3,0,10,7 | E13-+Z2
3,1,1,5 | E23+
3,1,1,8 | E23+
3,1,5,1 | E24+
3,1,5,12 | E24-
3,1,8,1 | E24+
3,1,8,12 | E24-
3,1,12,5 | E23-
3,1,12,8 | E23-
3,2,2,6 | E23+
3,2,2,7 | E23+
3,2,3,4 | E13+
3,2,3,9 | E13+
3,2,4,3 | E14+
3,2,4,10 | E14-
3,2,6,2 | E24+
3,2,6,11 | E24-
3,2,7,2 | E24+
3,2,7,11 | E24-
3,2,9,3 | E14+
3,2,9,10 | E14-
3,2,10,4 | E13-
3,2,10,9 | E13-
3,2,11,6 | E23-
3,2,11,7 | E23-
3,3,0,6 | E12++Z3
3,3,0,7 | E12++Z3
3,3,2,4 | E12+
3,3,2,9 | E12+
3,3,4,2 | E12+
3,3,4,11 | E12+
3,3,6,0 | E12++Z4
3,3,7,0 | E12++Z4
3,3,9,2 | E12+
3,3,9,11 | E12+
3,3,11,4 | E12+
3,3,11,9 | E12+
3,4,2,3 | E14+
3,4,2,10 | E14-
3,4,3,2 | E13+
3,4,3,11 | E13+
3,4,10,2 | E13-
3,4,10,11 | E13-
3,4,11,3 | E14+
3,4,11,10 | E14-
3,5,0,5 | E24++Z3
3,5,0,8 | E24-+Z3
3,5,1,1 | E34+
3,5,1,12 | E34-
3,5,5,0 | E23++Z4
3,5,8,0 | E23-+Z4
3,5,12,1 | E34-
3,5,12,12 | E34+
3,6,0,3 | E14++Z3
3,6,0,10 | E14-+Z3
3,6,2,2 | E34+
3,6,2,11 | E34-
3,6,3,0 | E13++Z4
3,6,10,0 | E13-+Z4
3,6,11,2 | E34-
3,6,11,11 | E34+
3,7,0,3 | E14++Z3
3,7,0,10 | E14-+Z3
3,7,2,2 | E34+
3,7,2,11 | E34-
3,7,3,0 | E13++Z4
3,7,10,0 | E13-+Z4
3,7,11,2 | E34-
3,7,11,11 | E34+
3,8,0,5 | E24-+Z3
3,8,0,8 | E24++Z3
3,8,1,1 | E34+
3,8,1,12 | E34-
3,8,5,0 | E23-+Z4
3,8,8,0 | E23++Z4
3,8,12,1 | E34-
3,8,12,12 | E34+
3,9,2,3 | E14+
3,9,2,10 | E14-
3,9,3,2 | E13+
3,9,3,11 | E13+
3,9,10,2 | E13-
3,9,10,11 | E13-
3,9,11,3 | E14+
3,9,11,10 | E14-
3,10,0,6 | E12-+Z3
3,10,0,7 | E12-+Z3
3,10,2,4 | E12-
3,10,2,9 | E12-
3,10,4,2 | E12-
3,10,4,11 | E12-
3,10,6,0 | E12-+Z4
3,10,7,0 | E12-+Z4
3,10,9,2 | E12-
3,10,9,11 | E12-
3,10,11,4 | E12-
3,10,11,9 | E12-
3,11,2,6 | E23-
3,11,2,7 | E23-
3,11,3,4 | E13+
3,11,3,9 | E13+
3,11,4,3 | E14+
3,11,4,10 | E14-
3,11,6,2 | E24-
3,11,6,11 | E24+
3,11,7,2 | E24-
3,11,7,11 | E24+
3,11,9,3 | E14+
3,11,9,10 | E14-
3,11,10,4 | E13-
3,11,10,9 | E13-
3,11,11,6 | E23+
3,11,11,7 | E23+
3,12,1,5 | E23-
3,12,1,8 | E23-
3,12,5,1 | E24-
3,12,5,12 | E24+
3,12,8,1 | E24-
3,12,8,12 | E24+
3,12,12,5 | E23+
3,12,12,8 | E23+
4,0,0,0 | E23++E23-+E24++E24-+E34++E34-+Z2+Z3+Z4
4,0,2,2 | E34++Z2
4,0,2,11 | E34-+Z2
4,0,4,5 | E13++Z2
4,0,4,8 | E13++Z2
4,0,5,4 | E14++Z2
4,0,5,9 | E14-+Z2
4,0,8,4 | E14++Z2
4,0,8,9 | E14-+Z2
4,0,9,5 | E13-+Z2
4,0,9,8 | E13-+Z2
4,0,11,2 | E34-+Z2
4,0,11,11 | E34++Z2
4,1,4,6 | E13+
4,1,4,7 | E13+
4,1,6,4 | E14+
4,1,6,9 | E14-
4,1,7,4 | E14+
4,1,7,9 | E14-
4,1,9,6 | E13-
4,1,9,7 | E13-
4,2,0,2 | E24++Z3
4,2,0,11 | E24-+Z3
4,2,2,0 | E23++Z4
4,2,3,3 | E34+
4,2,3,10 | E34-
4,2,10,3 | E34-
4,2,10,10 | E34+
4,2,11,0 | E23-+Z4
4,3,2,3 | E24+
4,3,2,10 | E24-
4,3,3,2 | E23+
4,3,3,11 | E23+
4,3,10,2 | E23-
4,3,10,11 | E23-
4,3,11,3 | E24+
4,3,11,10 | E24-
4,4,0,5 | E12++Z3
4,4,0,8 | E12++Z3
4,4,1,6 | E12+
4,4,1,7 | E12+
4,4,5,0 | E12++Z4
4,4,6,1 | E12+
4,4,6,12 | E12+
4,4,7,1 | E12+
4,4,7,12 | E12+
4,4,8,0 | E12++Z4
4,4,12,6 | E12+
4,4,12,7 | E12+
4,5,0,4 | E14++Z3
4,5,0,9 | E14-+Z3
4,5,4,0 | E13++Z4
4,5,6,6 | E34+
4,5,6,7 | E34-
4,5,7,6 | E34-
4,5,7,7 | E34+
4,5,9,0 | E13-+Z4
4,6,1,4 | E14+
4,6,1,9 | E14-
4,6,4,1 | E13+
4,6,4,12 | E13+
4,6,5,6 | E24+
4,6,5,7 | E24-
4,6,6,5 | E23+
4,6,6,8 | E23+
4,6,7,5 | E23-
4,6,7,8 | E23-
4,6,8,6 | E24+
4,6,8,7 | E24-
4,6,9,1 | E13-
4,6,9,12 | E13-
4,6,12,4 | E14+
4,6,12,9 | E14-
4,7,1,4 | E14+
4,7,1,9 | E14-
4,7,4,1 | E13+
4,7,4,12 | E13+
4,7,5,6 | E24-
4,7,5,7 | E24+
4,7,6,5 | E23-
4,7,6,8 | E23-
4,7,7,5 | E23+
4,7,7,8 | E23+
4,7,8,6 | E24-
4,7,8,7 | E24+
4,7,9,1 | E13-
4,7,9,12 | E13-
4,7,12,4 | E14+
4,7,12,9 | E14-
4,8,0,4 | E14++Z3
4,8,0,9 | E14-+Z3
4,8,4,0 | E13++Z4
4,8,6,6 | E34+
4,8,6,7 | E34-
4,8,7,6 | E34-
4,8,7,7 | E34+
4,8,9,0 | E13-+Z4
4,9,0,5 | E12-+Z3
4,9,0,8 | E12-+Z3
4,9,1,6 | E12-
4,9,1,7 | E12-
4,9,5,0 | E12-+Z4
4,9,6,1 | E12-
4,9,6,12 | E12-
4,9,7,1 | E12-
4,9,7,12 | E12-
4,9,8,0 | E12-+Z4
4,9,12,6 | E12-
4,9,12,7 | E12-
4,10,2,3 | E24-
4,10,2,10 | E24+
4,10,3,2 | E23-
4,10,3,11 | E23-
4,10,10,2 | E23+
4,10,10,11 | E23+
4,10,11,3 | E24-
4,10,11,10 | E24+
4,11,0,2 | E24-+Z3
4,11,0,11 | E24++Z3
4,11,2,0 | E23-+Z4
4,11,3,3 | E34+
4,11,3,10 | E34-
4,11,10,3 | E34-
4,11,10,10 | E34+
4,11,11,0 | E23++Z4
4,12,4,6 | E13+
4,12,4,7 | E13+
4,12,6,4 | E14+
4,12,6,9 | E14-
4,12,7,4 | E14+
4,12,7,9 | E14-
4,12,9,6 | E13-
4,12,9,7 | E13-
5,0,0,0 | E23++E23-+E24++E24-+E34++E34-+Z2+Z3+Z4
5,0,3,5 | E14++Z2
5,0,3,8 | E14-+Z2
5,0,4,4 | E34++Z2
5,0,4,9 | E34-+Z2
5,0,5,3 | E13++Z2
5,0,5,10 | E13++Z2
5,0,8,3 | E13-+Z2
5,0,8,10 | E13-+Z2
5,0,9,4 | E34-+Z2
5,0,9,9 | E34++Z2
5,0,10,5 | E14++Z2
5,0,10,8 | E14-+Z2
5,1,1,3 | E23+
5,1,1,10 | E23+
5,1,2,5 | E14+
5,1,2,8 | E14-
5,1,3,1 | E24+
5,1,3,12 | E24-
5,1,5,2 | E13+
5,1,5,11 | E13+
5,1,8,2 | E13-
5,1,8,11 | E13-
5,1,10,1 | E24+
5,1,10,12 | E24-
5,1,11,5 | E14+
5,1,11,8 | E14-
5,1,12,3 | E23-
5,1,12,10 | E23-
5,2,1,5 | E14+
5,2,1,8 | E14-
5,2,5,1 | E13+
5,2,5,12 | E13+
5,2,8,1 | E13-
5,2,8,12 | E13-
5,2,12,5 | E14+
5,2,12,8 | E14-
5,3,0,5 | E14++Z3
5,3,0,8 | E14-+Z3
5,3,1,1 | E34+
5,3,1,12 | E34-
5,3,5,0 | E13++Z4
5,3,8,0 | E13-+Z4
5,3,12,1 | E34-
5,3,12,12 | E34+
5,4,0,4 | E24++Z3
5,4,0,9 | E24-+Z3
5,4,4,0 | E23++Z4
5,4,6,6 | E34+
5,4,6,7 | E34-
5,4,7,6 | E34-
5,4,7,7 | E34+
5,4,9,0 | E23-+Z4
5,5,0,3 | E12++Z3
5,5,0,10 | E12++Z3
5,5,1,2 | E12+
5,5,1,11 | E12+
5,5,2,1 | E12+
5,5,2,12 | E12+
5,5,3,0 | E12++Z4
5,5,10,0 | E12++Z4
5,5,11,1 | E12+
5,5,11,12 | E12+
5,5,12,2 | E12+
5,5,12,11 | E12+
5,6,4,6 | E24+
5,6,4,7 | E24-
5,6,6,4 | E23+
5,6,6,9 | E23+
5,6,7,4 | E23-
5,6,7,9 | E23-
5,6,9,6 | E24+
5,6,9,7 | E24-
5,7,4,6 | E24-
5,7,4,7 | E24+
5,7,6,4 | E23-
5,7,6,9 | E23-
5,7,7,4 | E23+
5,7,7,9 | E23+
5,7,9,6 | E24-
5,7,9,7 | E24+
5,8,0,3 | E12-+Z3
5,8,0,10 | E12-+Z3
5,8,1,2 | E12-
5,8,1,11 | E12-
5,8,2,1 | E12-
5,8,2,12 | E12-
5,8,3,0 | E12-+Z4
5,8,10,0 | E12-+Z4
5,8,11,1 | E12-
5,8,11,12 | E12-
5,8,12,2 | E12-
5,8,12,11 | E12-
5,9,0,4 | E24-+Z3
5,9,0,9 | E24++Z3
5,9,4,0 | E23-+Z4
5,9,6,6 | E34+
5,9,6,7 | E34-
5,9,7,6 | E34-
5,9,7,7 | E34+
5,9,9,0 | E23++Z4
5,10,0,5 | E14++Z3
5,10,0,8 | E14-+Z3
5,10,1,1 | E34+
5,10,1,12 | E34-
5,10,5,0 | E13++Z4
5,10,8,0 | E13-+Z4
5,10,12,1 | E34-
5,10,12,12 | E34+
5,11,1,5 | E14+
5,11,1,8 | E14-
5,11,5,1 | E13+
5,11,5,12 | E13+
5,11,8,1 | E13-
5,11,8,12 | E13-
5,11,12,5 | E14+
5,11,12,8 | E14-
5,12,1,3 | E23-
5,12,1,10 | E23-
5,12,2,5 | E14+
5,12,2,8 | E14-
5,12,3,1 | E24-
5,12,3,12 | E24+
5,12,5,2 | E13+
5,12,5,11 | E13+
5,12,8,2 | E13-
5,12,8,11 | E13-
5,12,10,1 | E24-
5,12,10,12 | E24+
5,12,11,5 | E14+
5,12,11,8 | E14-
5,12,12,3 | E23+
5,12,12,10 | E23+
6,0,0,0 | E23++E23-+E24++E24-+E34++E34-+Z2+Z3+Z4
6,0,1,6 | E14++Z2
6,0,1,7 | E14-+Z2
6,0,3,3 | E34++Z2
6,0,3,10 | E34-+Z2
6,0,6,1 | E13++Z2
6,0,6,12 | E13++Z2
6,0,7,1 | E13-+Z2
6,0,7,12 | E13-+Z2
6,0,10,3 | E34-+Z2
6,0,10,10 | E34++Z2
6,0,12,6 | E14++Z2
6,0,12,7 | E14-+Z2
6,1,0,6 | E14++Z3
6,1,0,7 | E14-+Z3
6,1,4,4 | E34+
6,1,4,9 | E34-
6,1,6,0 | E13++Z4
6,1,7,0 | E13-+Z4
6,1,9,4 | E34-
6,1,9,9 | E34+
6,2,2,3 | E23+
6,2,2,10 | E23+
6,2,3,2 | E24+
6,2,3,11 | E24-
6,2,10,2 | E24+
6,2,10,11 | E24-
6,2,11,3 | E23-
6,2,11,10 | E23-
6,3,0,3 | E24++Z3
6,3,0,10 | E24-+Z3
6,3,2,2 | E34+
6,3,2,11 | E34-
6,3,3,0 | E23++Z4
6,3,10,0 | E23-+Z4
6,3,11,2 | E34-
6,3,11,11 | E34+
6,4,1,4 | E24+
6,4,1,9 | E24-
6,4,4,1 | E23+
6,4,4,12 | E23+
6,4,5,6 | E14+
6,4,5,7 | E14-
6,4,6,5 | E13+
6,4,6,8 | E13+
6,4,7,5 | E13-
6,4,7,8 | E13-
6,4,8,6 | E14+
6,4,8,7 | E14-
6,4,9,1 | E23-
6,4,9,12 | E23-
6,4,12,4 | E24+
6,4,12,9 | E24-
6,5,4,6 | E14+
6,5,4,7 | E14-
6,5,6,4 | E13+
6,5,6,9 | E13+
6,5,7,4 | E13-
6,5,7,9 | E13-
6,5,9,6 | E14+
6,5,9,7 | E14-
6,6,0,1 | E12++Z3
6,6,0,12 | E12++Z3
6,6,1,0 | E12++Z4
6,6,4,5 | E12+
6,6,4,8 | E12+
6,6,5,4 | E12+
6,6,5,9 | E12+
6,6,8,4 | E12+
6,6,8,9 | E12+
6,6,9,5 | E12+
6,6,9,8 | E12+
6,6,12,0 | E12++Z4
6,7,0,1 | E12-+Z3
6,7,0,12 | E12-+Z3
6,7,1,0 | E12-+Z4
6,7,4,5 | E12-
6,7,4,8 | E12-
6,7,5,4 | E12-
6,7,5,9 | E12-
6,7,8,4 | E12-
6,7,8,9 | E12-
6,7,9,5 | E12-
6,7,9,8 | E12-
6,7,12,0 | E12-+Z4
6,8,4,6 | E14+
6,8,4,7 | E14-
6,8,6,4 | E13+
6,8,6,9 | E13+
6,8,7,4 | E13-
6,8,7,9 | E13-
6,8,9,6 | E14+
6,8,9,7 | E14-
6,9,1,4 | E24-
6,9,1,9 | E24+
6,9,4,1 | E23-
6,9,4,12 | E23-
6,9,5,6 | E14+
6,9,5,7 | E14-
6,9,6,5 | E13+
6,9,6,8 | E13+
6,9,7,5 | E13-
6,9,7,8 | E13-
6,9,8,6 | E14+
6,9,8,7 | E14-
6,9,9,1 | E23+
6,9,9,12 | E23+
6,9,12,4 | E24-
6,9,12,9 | E24+
6,10,0,3 | E24-+Z3
6,10,0,10 | E24++Z3
6,10,2,2 | E34+
6,10,2,11 | E34-
6,10,3,0 | E23-+Z4
6,10,10,0 | E23++Z4
6,10,11,2 | E34-
6,10,11,11 | E34+
6,11,2,3 | E23-
6,11,2,10 | E23-
6,11,3,2 | E24-
6,11,3,11 | E24+
6,11,10,2 | E24-
6,11,10,11 | E24+
6,11,11,3 | E23+
6,11,11,10 | E23+
6,12,0,6 | E14++Z3
6,12,0,7 | E14-+Z3
6,12,4,4 | E34+
6,12,4,9 | E34-
6,12,6,0 | E13++Z4
6,12,7,0 | E13-+Z4
6,12,9,4 | E34-
6,12,9,9 | E34+
7,0,0,0 | E23++E23-+E24++E24-+E34++E34-+Z2+Z3+Z4
7,0,1,6 | E14-+Z2
7,0,1,7 | E14++Z2
7,0,3,3 | E34++Z2
7,0,3,10 | E34-+Z2
7,0,6,1 | E13-+Z2
7,0,6,12 | E13-+Z2
7,0,7,1 | E13++Z2
7,0,7,12 | E13++Z2
7,0,10,3 | E34-+Z2
7,0,10,10 | E34++Z2
7,0,12,6 | E14-+Z2
7,0,12,7 | E14++Z2
7,1,0,6 | E14-+Z3
7,1,0,7 | E14++Z3
7,1,4,4 | E34+
7,1,4,9 | E34-
7,1,6,0 | E13-+Z4
7,1,7,0 | E13++Z4
7,1,9,4 | E34-
7,1,9,9 | E34+
7,2,2,3 | E23+
7,2,2,10 | E23+
7,2,3,2 | E24+
7,2,3,11 | E24-
7,2,10,2 | E24+
7,2,10,11 | E24-
7,2,11,3 | E23-
7,2,11,10 | E23-
7,3,0,3 | E24++Z3
7,3,0,10 | E24-+Z3
7,3,2,2 | E34+
7,3,2,11 | E34-
7,3,3,0 | E23++Z4
7,3,10,0 | E23-+Z4
7,3,11,2 | E34-
7,3,11,11 | E34+
7,4,1,4 | E24+
7,4,1,9 | E24-
7,4,4,1 | E23+
7,4,4,12 | E23+
7,4,5,6 | E14-
7,4,5,7 | E14+
7,4,6,5 | E13-
7,4,6,8 | E13-
7,4,7,5 | E13+
7,4,7,8 | E13+
7,4,8,6 | E14-
7,4,8,7 | E14+
7,4,9,1 | E23-
7,4,9,12 | E23-
7,4,12,4 | E24+
7,4,12,9 | E24-
7,5,4,6 | E14-
7,5,4,7 | E14+
7,5,6,4 | E13-
7,5,6,9 | E13-
7,5,7,4 | E13+
7,5,7,9 | E13+
7,5,9,6 | E14-
7,5,9,7 | E14+
7,6,0,1 | E12-+Z3
7,6,0,12 | E12-+Z3
7,6,1,0 | E12-+Z4
7,6,4,5 | E12-
7,6,4,8 | E12-
7,6,5,4 | E12-
7,6,5,9 | E12-
7,6,8,4 | E12-
7,6,8,9 | E12-
7,6,9,5 | E12-
7,6,9,8 | E12-
7,6,12,0 | E12-+Z4
7,7,0,1 | E12++Z3
7,7,0,12 | E12++Z3
7,7,1,0 | E12++Z4
7,7,4,5 | E12+
7,7,4,8 | E12+
7,7,5,4 | E12+
7,7,5,9 | E12+
7,7,8,4 | E12+
7,7,8,9 | E12+
7,7,9,5 | E12+
7,7,9,8 | E12+
7,7,12,0 | E12++Z4
7,8,4,6 | E14-
7,8,4,7 | E14+
7,8,6,4 | E13-
7,8,6,9 | E13-
7,8,7,4 | E13+
7,8,7,9 | E13+
7,8,9,6 | E14-
7,8,9,7 | E14+
7,9,1,4 | E24-
7,9,1,9 | E24+
7,9,4,1 | E23-
7,9,4,12 | E23-
7,9,5,6 | E14-
7,9,5,7 | E14+
7,9,6,5 | E13-
7,9,6,8 | E13-
7,9,7,5 | E13+
7,9,7,8 | E13+
7,9,8,6 | E14-
7,9,8,7 | E14+
7,9,9,1 | E23+
7,9,9,12 | E23+
7,9,12,4 | E24-
7,9,12,9 | E24+
7,10,0,3 | E24-+Z3
7,10,0,10 | E24++Z3
7,10,2,2 | E34+
7,10,2,11 | E34-
7,10,3,0 | E23-+Z4
7,10,10,0 | E23++Z4
7,10,11,2 | E34-
7,10,11,11 | E34+
7,11,2,3 | E23-
7,11,2,10 | E23-
7,11,3,2 | E24-
7,11,3,11 | E24+
7,11,10,2 | E24-
7,11,10,11 | E24+
7,11,11,3 | E23+
7,11,11,10 | E23+
7,12,0,6 | E14-+Z3
7,12,0,7 | E14++Z3
7,12,4,4 | E34+
7,12,4,9 | E34-
7,12,6,0 | E13-+Z4
7,12,7,0 | E13++Z4
7,12,9,4 | E34-
7,12,9,9 | E34+
8,0,0,0 | E23++E23-+E24++E24-+E34++E34-+Z2+Z3+Z4
8,0,3,5 | E14-+Z2
8,0,3,8 | E14++Z2
8,0,4,4 | E34++Z2
8,0,4,9 | E34-+Z2
8,0,5,3 | E13-+Z2
8,0,5,10 | E13-+Z2
8,0,8,3 | E13++Z2
8,0,8,10 | E13++Z2
8,0,9,4 | E34-+Z2
8,0,9,9 | E34++Z2
8,0,10,5 | E14-+Z2
8,0,10,8 | E14++Z2
8,1,1,3 | E23+
8,1,1,10 | E23+
8,1,2,5 | E14-
8,1,2,8 | E14+
8,1,3,1 | E24+
8,1,3,12 | E24-
8,1,5,2 | E13-
8,1,5,11 | E13-
8,1,8,2 | E13+
8,1,8,11 | E13+
8,1,10,1 | E24+
8,1,10,12 | E24-
8,1,11,5 | E14-
8,1,11,8 | E14+
8,1,12,3 | E23-
8,1,12,10 | E23-
8,2,1,5 | E14-
8,2,1,8 | E14+
8,2,5,1 | E13-
8,2,5,12 | E13-
8,2,8,1 | E13+
8,2,8,12 | E13+
8,2,12,5 | E14-
8,2,12,8 | E14+
8,3,0,5 | E14-+Z3
8,3,0,8 | E14++Z3
8,3,1,1 | E34+
8,3,1,12 | E34-
8,3,5,0 | E13-+Z4
8,3,8,0 | E13++Z4
8,3,12,1 | E34-
8,3,12,12 | E34+
8,4,0,4 | E24++Z3
8,4,0,9 | E24-+Z3
8,4,4,0 | E23++Z4
8,4,6,6 | E34+
8,4,6,7 | E34-
8,4,7,6 | E34-
8,4,7,7 | E34+
8,4,9,0 | E23-+Z4
8,5,0,3 | E12-+Z3
8,5,0,10 | E12-+Z3
8,5,1,2 | E12-
8,5,1,11 | E12-
8,5,2,1 | E12-
8,5,2,12 | E12-
8,5,3,0 | E12-+Z4
8,5,10,0 | E12-+Z4
8,5,11,1 | E12-
8,5,11,12 | E12-
8,5,12,2 | E12-
8,5,12,11 | E12-
8,6,4,6 | E24+
8,6,4,7 | E24-
8,6,6,4 | E23+
8,6,6,9 | E23+
8,6,7,4 | E23-
8,6,7,9 | E23-
8,6,9,6 | E24+
8,6,9,7 | E24-
8,7,4,6 | E24-
8,7,4,7 | E24+
8,7,6,4 | E23-
8,7,6,9 | E23-
8,7,7,4 | E23+
8,7,7,9 | E23+
8,7,9,6 | E24-
8,7,9,7 | E24+
8,8,0,3 | E12++Z3
8,8,0,10 | E12++Z3
8,8,1,2 | E12+
8,8,1,11 | E12+
8,8,2,1 | E12+
8,8,2,12 | E12+
8,8,3,0 | E12++Z4
8,8,10,0 | E12++Z4
8,8,11,1 | E12+
8,8,11,12 | E12+
8,8,12,2 | E12+
8,8,12,11 | E12+
8,9,0,4 | E24-+Z3
8,9,0,9 | E24++Z3
8,9,4,0 | E23-+Z4
8,9,6,6 | E34+
8,9,6,7 | E34-
8,9,7,6 | E34-
8,9,7,7 | E34+
8,9,9,0 | E23++Z4
8,10,0,5 | E14-+Z3
8,10,0,8 | E14++Z3
8,10,1,1 | E34+
8,10,1,12 | E34-
8,10,5,0 | E13-+Z4
8,10,8,0 | E13++Z4
8,10,12,1 | E34-
8,10,12,12 | E34+
8,11,1,5 | E14-
8,11,1,8 | E14+
8,11,5,1 | E13-
8,11,5,12 | E13-
8,11,8,1 | E13+
8,11,8,12 | E13+
8,11,12,5 | E14-
8,11,12,8 | E14+
8,12,1,3 | E23-
8,12,1,10 | E23-
8,12,2,5 | E14-
8,12,2,8 | E14+
8,12,3,1 | E24-
8,12,3,12 | E24+
8,12,5,2 | E13-
8,12,5,11 | E13-
8,12,8,2 | E13+
8,12,8,11 | E13+
8,12,10,1 | E24-
8,12,10,12 | E24+
8,12,11,5 | E14-
8,12,11,8 | E14+
8,12,12,3 | E23+
8,12,12,10 | E23+
9,0,0,0 | E23++E23-+E24++E24-+E34++E34-+Z2+Z3+Z4
9,0,2,2 | E34++Z2
9,0,2,11 | E34-+Z2
9,0,4,5 | E13-+Z2
9,0,4,8 | E13-+Z2
9,0,5,4 | E14-+Z2
9,0,5,9 | E14++Z2
9,0,8,4 | E14-+Z2
9,0,8,9 | E14++Z2
9,0,9,5 | E13++Z2
9,0,9,8 | E13++Z2
9,0,11,2 | E34-+Z2
9,0,11,11 | E34++Z2
9,1,4,6 | E13-
9,1,4,7 | E13-
9,1,6,4 | E14-
9,1,6,9 | E14+
9,1,7,4 | E14-
9,1,7,9 | E14+
9,1,9,6 | E13+
9,1,9,7 | E13+
9,2,0,2 | E24++Z3
9,2,0,11 | E24-+Z3
9,2,2,0 | E23++Z4
9,2,3,3 | E34+
9,2,3,10 | E34-
9,2,10,3 | E34-
9,2,10,10 | E34+
9,2,11,0 | E23-+Z4
9,3,2,3 | E24+
9,3,2,10 | E24-
9,3,3,2 | E23+
9,3,3,11 | E23+
9,3,10,2 | E23-
9,3,10,11 | E23-
9,3,11,3 | E24+
9,3,11,10 | E24-
9,4,0,5 | E12-+Z3
9,4,0,8 | E12-+Z3
9,4,1,6 | E12-
9,4,1,7 | E12-
9,4,5,0 | E12-+Z4
9,4,6,1 | E12-
9,4,6,12 | E12-
9,4,7,1 | E12-
9,4,7,12 | E12-
9,4,8,0 | E12-+Z4
9,4,12,6 | E12-
9,4,12,7 | E12-
9,5,0,4 | E14-+Z3
9,5,0,9 | E14++Z3
9,5,4,0 | E13-+Z4
9,5,6,6 | E34+
9,5,6,7 | E34-
9,5,7,6 | E34-
9,5,7,7 | E34+
9,5,9,0 | E13++Z4
9,6,1,4 | E14-
9,6,1,9 | E14+
9,6,4,1 | E13-
9,6,4,12 | E13-
9,6,5,6 | E24+
9,6,5,7 | E24-
9,6,6,5 | E23+
9,6,6,8 | E23+
9,6,7,5 | E23-
9,6,7,8 | E23-
9,6,8,6 | E24+
9,6,8,7 | E24-
9,6,9,1 | E13+
9,6,9,12 | E13+
9,6,12,4 | E14-
9,6,12,9 | E14+
9,7,1,4 | E14-
9,7,1,9 | E14+
9,7,4,1 | E13-
9,7,4,12 | E13-
9,7,5,6 | E24-
9,7,5,7 | E24+
9,7,6,5 | E23-
9,7,6,8 | E23-
9,7,7,5 | E23+
9,7,7,8 | E23+
9,7,8,6 | E24-
9,7,8,7 | E24+
9,7,9,1 | E13+
9,7,9,12 | E13+
9,7,12,4 | E14-
9,7,12,9 | E14+
9,8,0,4 | E14-+Z3
9,8,0,9 | E14++Z3
9,8,4,0 | E13-+Z4
9,8,6,6 | E34+
9,8,6,7 | E34-
9,8,7,6 | E34-
9,8,7,7 | E34+
9,8,9,0 | E13++Z4
9,9,0,5 | E12++Z3
9,9,0,8 | E12++Z3
9,9,1,6 | E12+
9,9,1,7 | E12+
9,9,5,0 | E12++Z4
9,9,6,1 | E12+
9,9,6,12 | E12+
9,9,7,1 | E12+
9,9,7,12 | E12+
9,9,8,0 | E12++Z4
9,9,12,6 | E12+
9,9,12,7 | E12+
9,10,2,3 | E24-
9,10,2,10 | E24+
9,10,3,2 | E23-
9,10,3,11 | E23-
9,10,10,2 | E23+
9,10,10,11 | E23+
9,10,11,3 | E24-
9,10,11,10 | E24+
9,11,0,2 | E24-+Z3
9,11,0,11 | E24++Z3
9,11,2,0 | E23-+Z4
9,11,3,3 | E34+
9,11,3,10 | E34-
9,11,10,3 | E34-
9,11,10,10 | E34+
9,11,11,0 | E23++Z4
9,12,4,6 | E13-
9,12,4,7 | E13-
9,12,6,4 | E14-
9,12,6,9 | E14+
9,12,7,4 | E14-
9,12,7,9 | E14+
9,12,9,6 | E13+
9,12,9,7 | E13+
10,0,0,0 | E23++E23-+E24++E24-+E34++E34-+Z2+Z3+Z4
10,0,3,6 | E13-+Z2
10,0,3,7 | E13-+Z2
10,0,5,5 | E34++Z2
10,0,5,8 | E34-+Z2
10,0,6,3 | E14-+Z2
10,0,6,10 | E14++Z2
10,0,7,3 | E14-+Z2
10,0,7,10 | E14++Z2
10,0,8,5 | E34-+Z2
10,0,8,8 | E34++Z2
10,0,10,6 | E13++Z2
10,0,10,7 | E13++Z2
10,1,1,5 | E23+
10,1,1,8 | E23+
10,1,5,1 | E24+
10,1,5,12 | E24-
10,1,8,1 | E24+
10,1,8,12 | E24-
10,1,12,5 | E23-
10,1,12,8 | E23-
10,2,2,6 | E23+
10,2,2,7 | E23+
10,2,3,4 | E13-
10,2,3,9 | E13-
10,2,4,3 | E14-
10,2,4,10 | E14+
10,2,6,2 | E24+
10,2,6,11 | E24-
10,2,7,2 | E24+
10,2,7,11 | E24-
10,2,9,3 | E14-
10,2,9,10 | E14+
10,2,10,4 | E13+
10,2,10,9 | E13+
10,2,11,6 | E23-
10,2,11,7 | E23-
10,3,0,6 | E12-+Z3
10,3,0,7 | E12-+Z3
10,3,2,4 | E12-
10,3,2,9 | E12-
10,3,4,2 | E12-
10,3,4,11 | E12-
10,3,6,0 | E12-+Z4
10,3,7,0 | E12-+Z4
10,3,9,2 | E12-
10,3,9,11 | E12-
10,3,11,4 | E12-
10,3,11,9 | E12-
10,4,2,3 | E14-
10,4,2,10 | E14+
10,4,3,2 | E13-
10,4,3,11 | E13-
10,4,10,2 | E13+
10,4,10,11 | E13+
10,4,11,3 | E14-
10,4,11,10 | E14+
10,5,0,5 | E24++Z3
10,5,0,8 | E24-+Z3
10,5,1,1 | E34+
10,5,1,12 | E34-
10,5,5,0 | E23++Z4
10,5,8,0 | E23-+Z4
10,5,12,1 | E34-
10,5,12,12 | E34+
10,6,0,3 | E14-+Z3
10,6,0,10 | E14++Z3
10,6,2,2 | E34+
10,6,2,11 | E34-
10,6,3,0 | E13-+Z4
10,6,10,0 | E13++Z4
10,6,11,2 | E34-
10,6,11,11 | E34+
10,7,0,3 | E14-+Z3
10,7,0,10 | E14++Z3
10,7,2,2 | E34+
10,7,2,11 | E34-
10,7,3,0 | E13-+Z4
10,7,10,0 | E13++Z4
10,7,11,2 | E34-
10,7,11,11 | E34+
10,8,0,5 | E24-+Z3
10,8,0,8 | E24++Z3
10,8,1,1 | E34+
10,8,1,12 | E34-
10,8,5,0 | E23-+Z4
10,8,8,0 | E23++Z4
10,8,12,1 | E34-
10,8,12,12 | E34+
10,9,2,3 | E14-
10,9,2,10 | E14+
10,9,3,2 | E13-
10,9,3,11 | E13-
10,9,10,2 | E13+
10,9,10,11 | E13+
10,9,11,3 | E14-
10,9,11,10 | E14+
10,10,0,6 | E12++Z3
10,10,0,7 | E12++Z3
10,10,2,4 | E12+
10,10,2,9 | E12+
10,10,4,2 | E12+
10,10,4,11 | E12+
10,10,6,0 | E12++Z4
10,10,7,0 | E12++Z4
10,10,9,2 | E12+
10,10,9,11 | E12+
10,10,11,4 | E12+
10,10,11,9 | E12+
10,11,2,6 | E23-
10,11,2,7 | E23-
10,11,3,4 | E13-
10,11,3,9 | E13-
10,11,4,3 | E14-
10,11,4,10 | E14+
10,11,6,2 | E24-
10,11,6,11 | E24+
10,11,7,2 | E24-
10,11,7,11 | E24+
10,11,9,3 | E14-
10,11,9,10 | E14+
10,11,10,4 | E13+
10,11,10,9 | E13+
10,11,11,6 | E23+
10,11,11,7 | E23+
10,12,1,5 | E23-
10,12,1,8 | E23-
10,12,5,1 | E24-
10,12,5,12 | E24+
10,12,8,1 | E24-
10,12,8,12 | E24+
10,12,12,5 | E23+
10,12,12,8 | E23+
11,0,0,0 | E23++E23-+E24++E24-+E34++E34-+Z2+Z3+Z4
11,0,1,1 | E34++Z2
11,0,1,12 | E34-+Z2
11,0,2,4 | E13-+Z2
11,0,2,9 | E13-+Z2
11,0,4,2 | E14-+Z2
11,0,4,11 | E14++Z2
11,0,9,2 | E14-+Z2
11,0,9,11 | E14++Z2
11,0,11,4 | E13++Z2
11,0,11,9 | E13++Z2
11,0,12,1 | E34-+Z2
11,0,12,12 | E34++Z2
11,1,0,1 | E24++Z3
11,1,0,12 | E24-+Z3
11,1,1,0 | E23++Z4
11,1,5,5 | E34+
11,1,5,8 | E34-
11,1,8,5 | E34-
11,1,8,8 | E34+
11,1,12,0 | E23-+Z4
11,2,0,4 | E12-+Z3
11,2,0,9 | E12-+Z3
11,2,3,6 | E12-
11,2,3,7 | E12-
11,2,4,0 | E12-+Z4
11,2,6,3 | E12-
11,2,6,10 | E12-
11,2,7,3 | E12-
11,2,7,10 | E12-
11,2,9,0 | E12-+Z4
11,2,10,6 | E12-
11,2,10,7 | E12-
11,3,2,6 | E13-
11,3,2,7 | E13-
11,3,3,4 | E23+
11,3,3,9 | E23+
11,3,4,3 | E24+
11,3,4,10 | E24-
11,3,6,2 | E14-
11,3,6,11 | E14+
11,3,7,2 | E14-
11,3,7,11 | E14+
11,3,9,3 | E24+
11,3,9,10 | E24-
11,3,10,4 | E23-
11,3,10,9 | E23-
11,3,11,6 | E13+
11,3,11,7 | E13+
11,4,0,2 | E14-+Z3
11,4,0,11 | E14++Z3
11,4,2,0 | E13-+Z4
11,4,3,3 | E34+
11,4,3,10 | E34-
11,4,10,3 | E34-
11,4,10,10 | E34+
11,4,11,0 | E13++Z4
11,5,1,5 | E24+
11,5,1,8 | E24-
11,5,5,1 | E23+
11,5,5,12 | E23+
11,5,8,1 | E23-
11,5,8,12 | E23-
11,5,12,5 | E24+
11,5,12,8 | E24-
11,6,2,3 | E13-
11,6,2,10 | E13-
11,6,3,2 | E14-
11,6,3,11 | E14+
11,6,10,2 | E14-
11,6,10,11 | E14+
11,6,11,3 | E13+
11,6,11,10 | E13+
11,7,2,3 | E13-
11,7,2,10 | E13-
11,7,3,2 | E14-
11,7,3,11 | E14+
11,7,10,2 | E14-
11,7,10,11 | E14+
11,7,11,3 | E13+
11,7,11,10 | E13+
11,8,1,5 | E24-
11,8,1,8 | E24+
11,8,5,1 | E23-
11,8,5,12 | E23-
11,8,8,1 | E23+
11,8,8,12 | E23+
11,8,12,5 | E24-
11,8,12,8 | E24+
11,9,0,2 | E14-+Z3
11,9,0,11 | E14++Z3
11,9,2,0 | E13-+Z4
11,9,3,3 | E34+
11,9,3,10 | E34-
11,9,10,3 | E34-
11,9,10,10 | E34+
11,9,11,0 | E13++Z4
11,10,2,6 | E13-
11,10,2,7 | E13-
11,10,3,4 | E23-
11,10,3,9 | E23-
11,10,4,3 | E24-
11,10,4,10 | E24+
11,10,6,2 | E14-
11,10,6,11 | E14+
11,10,7,2 | E14-
11,10,7,11 | E14+
11,10,9,3 | E24-
11,10,9,10 | E24+
11,10,10,4 | E23+
11,10,10,9 | E23+
11,10,11,6 | E13+
11,10,11,7 | E13+
11,11,0,4 | E12++Z3
11,11,0,9 | E12++Z3
11,11,3,6 | E12+
11,11,3,7 | E12+
11,11,4,0 | E12++Z4
11,11,6,3 | E12+
11,11,6,10 | E12+
11,11,7,3 | E12+
11,11,7,10 | E12+
11,11,9,0 | E12++Z4
11,11,10,6 | E12+
11,11,10,7 | E12+
11,12,0,1 | E24-+Z3
11,12,0,12 | E24++Z3
11,12,1,0 | E23-+Z4
11,12,5,5 | E34+
11,12,5,8 | E34-
11,12,8,5 | E34-
11,12,8,8 | E34+
11,12,12,0 | E23++Z4
12,0,0,0 | E23++E23-+E24++E24-+E34++E34-+Z2+Z3+Z4
12,0,1,2 | E13-+Z2
12,0,1,11 | E13-+Z2
12,0,2,1 | E14-+Z2
12,0,2,12 | E14++Z2
12,0,6,6 | E34++Z2
12,0,6,7 | E34-+Z2
12,0,7,6 | E34-+Z2
12,0,7,7 | E34++Z2
12,0,11,1 | E14-+Z2
12,0,11,12 | E14++Z2
12,0,12,2 | E13++Z2
12,0,12,11 | E13++Z2
12,1,0,2 | E12-+Z3
12,1,0,11 | E12-+Z3
12,1,2,0 | E12-+Z4
12,1,3,5 | E12-
12,1,3,8 | E12-
12,1,5,3 | E12-
12,1,5,10 | E12-
12,1,8,3 | E12-
12,1,8,10 | E12-
12,1,10,5 | E12-
12,1,10,8 | E12-
12,1,11,0 | E12-+Z4
12,2,0,1 | E14-+Z3
12,2,0,12 | E14++Z3
12,2,1,0 | E13-+Z4
12,2,5,5 | E34+
12,2,5,8 | E34-
12,2,8,5 | E34-
12,2,8,8 | E34+
12,2,12,0 | E13++Z4
12,3,1,5 | E13-
12,3,1,8 | E13-
12,3,5,1 | E14-
12,3,5,12 | E14+
12,3,8,1 | E14-
12,3,8,12 | E14+
12,3,12,5 | E13+
12,3,12,8 | E13+
12,4,4,6 | E23+
12,4,4,7 | E23+
12,4,6,4 | E24+
12,4,6,9 | E24-
12,4,7,4 | E24+
12,4,7,9 | E24-
12,4,9,6 | E23-
12,4,9,7 | E23-
12,5,1,3 | E13-
12,5,1,10 | E13-
12,5,2,5 | E24+
12,5,2,8 | E24-
12,5,3,1 | E14-
12,5,3,12 | E14+
12,5,5,2 | E23+
12,5,5,11 | E23+
12,5,8,2 | E23-
12,5,8,11 | E23-
12,5,10,1 | E14-
12,5,10,12 | E14+
12,5,11,5 | E24+
12,5,11,8 | E24-
12,5,12,3 | E13+
12,5,12,10 | E13+
12,6,0,6 | E24++Z3
12,6,0,7 | E24-+Z3
12,6,4,4 | E34+
12,6,4,9 | E34-
12,6,6,0 | E23++Z4
12,6,7,0 | E23-+Z4
12,6,9,4 | E34-
12,6,9,9 | E34+
12,7,0,6 | E24-+Z3
12,7,0,7 | E24++Z3
12,7,4,4 | E34+
12,7,4,9 | E34-
12,7,6,0 | E23-+Z4
12,7,7,0 | E23++Z4
12,7,9,4 | E34-
12,7,9,9 | E34+
12,8,1,3 | E13-
12,8,1,10 | E13-
12,8,2,5 | E24-
12,8,2,8 | E24+
12,8,3,1 | E14-
12,8,3,12 | E14+
12,8,5,2 | E23-
12,8,5,11 | E23-
12,8,8,2 | E23+
12,8,8,11 | E23+
12,8,10,1 | E14-
12,8,10,12 | E14+
12,8,11,5 | E24-
12,8,11,8 | E24+
12,8,12,3 | E13+
12,8,12,10 | E13+
12,9,4,6 | E23-
12,9,4,7 | E23-
12,9,6,4 | E24-
12,9,6,9 | E24+
12,9,7,4 | E24-
12,9,7,9 | E24+
12,9,9,6 | E23+
12,9,9,7 | E23+
12,10,1,5 | E13-
12,10,1,8 | E13-
12,10,5,1 | E14-
12,10,5,12 | E14+
12,10,8,1 | E14-
12,10,8,12 | E14+
12,10,12,5 | E13+
12,10,12,8 | E13+
12,11,0,1 | E14-+Z3
12,11,0,12 | E14++Z3
12,11,1,0 | E13-+Z4
12,11,5,5 | E34+
12,11,5,8 | E34-
12,11,8,5 | E34-
12,11,8,8 | E34+
12,11,12,0 | E13++Z4
12,12,0,2 | E12++Z3
12,12,0,11 | E12++Z3
12,12,2,0 | E12++Z4
12,12,3,5 | E12+
12,12,3,8 | E12+
12,12,5,3 | E12+
12,12,5,10 | E12+
12,12,8,3 | E12+
12,12,8,10 | E12+
12,12,10,5 | E12+
12,12,10,8 | E12+
12,12,11,0 | E12++Z4
