[1008,1344,1369,2352]
[1008,3528,4489,4536]
[104,12480,23400,27555]
[1040,1820,3185,20636]
[10400,16640,16641,27040]
[10465,18837,22425,44835]
[10560,29040,32761,39600]
[1058,13225,26450,28900]
[1092,1911,1950,2926]
[117,195,325,19995]
[117,195,325,5595]
[1196,6877,14950,15674]
[1196,6877,14950,17834]
[120,600,720,961]
[122,325,650,1300]
[12306,25740,30030,35035]
[12312,24375,26000,39000]
[12600,22680,22801,35280]
[1274,1911,4698,7644]
[13,195,325,595]
[13,208,234,3530]
[13,208,234,5162]
[13,26,52,122]
[13,26,52,170]
[13104,15288,16129,28392]
[13572,15834,18473,26502]
[14,49,112,146]
[143,213,429,1287]
[143,2288,3534,7150]
[143,572,956,2288]
[144,1274,1911,3822]
[1440,2400,2401,3840]
[1482,4940,11115,15450]
[1504,9984,14079,18720]
[1525,4368,8190,19110]
[1558,6864,9438,11583]
[156,585,650,2490]
[1573,2055,4719,14157]
[1573,6292,11476,25168]
[1584,7128,8712,10609]
[161,702,1092,3822]
[1612,1630,4030,10075]
[1612,5642,10346,19747]
[168,1008,1176,1849]
[169,4225,7065,10985]
[1716,2106,3146,5907]
[1725,3744,4160,6240]
[1755,5616,10530,25850]
[176,484,539,2012]
[182,273,774,1092]
[182,489,1092,1638]
[190,4004,7150,7865]
[1941,6435,10725,35035]
[2060,6032,7540,9425]
[2080,3744,10875,12480]
[2125,4368,8190,19110]
[2223,5187,12103,15771]
[2230,6864,9438,11583]
[2232,4875,5200,7800]
[224,1568,1792,3249]
[22530,31005,33072,34450]
[2288,12584,14872,21609]
[2288,2860,3575,6740]
[2288,6292,7007,19436]
[2366,8281,8450,28112]
[24,48,49,72]
[240,360,361,600]
[247,1235,1835,6175]
[247,604,988,3952]
[2520,5880,6241,8400]
[2535,8112,8450,27990]
[2555,19175,26845,37583]
[26,403,832,902]
[26,650,1040,1985]
[26,91,208,230]
[260,3900,7599,9360]
[26117,29848,34112,45416]
[2704,8281,17576,24552]
[272,289,850,1298]
[282,364,819,2730]
[288,2304,2592,5329]
[2880,3600,3721,6480]
[289,338,676,8450]
[2925,3900,5200,9348]
[3068,6034,10738,37583]
[310,1365,2548,4550]
[3120,20280,23400,39601]
[3168,8448,9409,11616]
[325,520,832,37880]
[325,975,2343,2925]
[326,1430,2288,7007]
[338,507,1164,3042]
[3384,5720,10725,34320]
[3388,12688,22204,38857]
[34,289,612,626]
[34,65,130,260]
[351,5265,8775,14465]
[351,602,1404,2106]
[3510,5265,5616,7750]
[3536,3757,11050,22154]
[3575,5005,7007,24395]
[360,3240,3600,8281]
[3627,9672,23496,25792]
[364,637,1638,2090]
[375,936,1040,1560]
[377,1285,1885,9425]
[377,2262,3126,13572]
[3794,15730,20020,35035]
[39,58,156,234]
[390,585,624,950]
[390,585,650,1104]
[3900,6292,7488,17169]
[4035,13377,15925,28665]
[414,529,1472,2690]
[416,6215,10400,16640]
[4394,6591,13692,39546]
[440,4400,4840,12321]
[442,3757,7956,9050]
[4680,15600,19321,20280]
[48,144,169,192]
[4875,5952,16250,29250]
[492,2223,2964,3952]
[4928,8624,8649,13552]
[507,1908,3380,8112]
[507,6084,8788,23808]
[507,6084,8788,27840]
[5070,7605,18050,32448]
[5170,10829,22100,37570]
[52,66,78,117]
[52,78,117,786]
[52,780,1419,1872]
[52,91,234,374]
[520,936,2325,3120]
[528,5808,6336,17689]
[533,2334,3198,19188]
[533,3731,4907,26117]
[536,1768,1989,3536]
[5382,6877,19136,27098]
[546,2620,4095,13650]
[5499,9776,23256,43992]
[551,2704,3042,8450]
[5544,20328,25872,26569]
[560,1400,1521,1960]
[5610,13325,15990,19188]
[572,1430,3575,3830]
[5733,10192,11466,20502]
[576,6591,8788,26364]
[585,780,1040,2676]
[598,1174,2691,4784]
[598,7475,14950,17900]
[6,572,858,1287]
[6069,7137,16653,38857]
[611,1222,1964,30550]
[6175,7410,8892,14190]
[624,7488,8112,24649]
[6315,14352,14950,26910]
[637,3276,4550,33434]
[637,4550,5824,40154]
[645,3627,6045,10075]
[65,195,411,585]
[65,208,390,750]
[6600,7920,8281,14520]
[663,8309,16575,17901]
[6760,10816,10985,15000]
[689,1858,2756,34450]
[7,36,50,254]
[715,3829,5005,35035]
[715,5720,7256,45760]
[7176,14352,14651,26856]
[728,9464,10192,33489]
[741,5145,8645,15561]
[7488,16848,17689,24336]
[7488,32448,39936,47089]
[78,117,130,192]
[78,975,1872,2234]
[786,6292,9438,14157]
[80,320,400,441]
[806,12493,25792,25850]
[819,1456,1638,3546]
[840,11760,12600,44521]
[8400,11760,11881,20160]
[8424,8775,14040,25840]
[855,6630,10608,11050]
[871,11056,15678,43550]
[897,14651,22425,46899]
[91,650,832,8342]
[936,975,1560,5360]
[962,15025,24050,48100]
[975,1392,3250,5850]
[98,291,588,882]
