65 33 784 585
73 55 576 1825
5 4 9 40
5 4 18 155
5 4 9 160
5 4 72 755
5 3 4 5
5 3 4 45
5 3 36 205
13 12 25 416
13 12 25 936
17 8 225 136
17 8 -450 1513
17 8 225 2176
25 24 49 1800
13 5 36 13
13 5 -36 299
13 5 36 325
29 20 441 928
17 15 16 153
17 15 16 425
17 15 676 799
17 15 144 2329
37 12 1225 296
25 7 49 3
25 7 -1 13
25 7 144 25
25 7 -1 33
25 7 49 143
25 7 -25 513
25 7 144 1225
25 7 25 1463
25 7 -25 2548
25 7 -144 2975
25 7 4225 812
53 28 2025 1696
29 21 100 261
29 21 100 1421
29 21 -64 2639
37 35 36 925
37 35 36 1813
41 9 400 41
53 45 196 1325
