7
11
13 37 38 145 155 158 167
17 113 118 193 203 278 283
19 110 112 128 131 183 187 237 244 272 283 290 302 313 316 328 329 337 338
23 55 57 73 84 95 107 122 125 166 171 202 203 209 218 235 237 255 262 348 349 422 433 445 455
29 68 74 93 106 126 130 156 157 177 193 292 294 304 306 324 331 353 359 393 405 410 416 427 428 453 459 466 474 477 492 537 546 554 557 623 631 652 659 711 714 825 828
31 67 85 152 153 157 178 212 215 242 243 245 246 257 258 260 261 287 292 318 322 380 382 411 412 452 463 482 483 493 494 542 556 572 573 586 587 609 611 639 642 701 702 715 718 782 804 812 813 834 835 872 875 883 886 894 897 903 905 906 913 914 916 917 924 925 927
37 87 95 109 110 194 207 218 220 233 241 289 295 325 332 338 355 413 426 435 441 471 478 483 502 545 550 579 581 587 589 613 614 627 628 650 654 660 664 709 714 779 790 793 794 812 813 819 823 830 849 903 922 942 956 977 994 1011 1013 1031 1033 1047 1070 1081 1109 1117 1146 1164 1172 1198 1199 1210 1211 1226 1256 1269 1270 1273 1282 1285 1286 1297 1300 1311 1312 1316 1317 1328 1331 1334 1339 1340 1348 1353 1361 1362 1367
41 129 141 142 154 180 181 183 184 212 233 249 257 269 277 292 299 308 315 379 390 419 431 457 474 499 513 521 532 561 566 568 573 604 611 644 652 660 676 701 716 741 757 782 783 796 797 805 815 824 836 868 870 871 873 927 936 949 954 967 977 1007 1018 1047 1059 1085 1102 1153 1155 1161 1188 1201 1204 1226 1229 1244 1267 1274 1277 1366 1388 1416 1417 1418 1419 1448 1468 1495 1502 1531 1532 1546 1547 1652 1653 1668 1669
43 95 104 108 117 143 144 153 154 178 179 203 204 221 246 262 263 289 290 297 298 305 332 354 368 380 385 389 418 438 454 551 554 591 599 605 627 632 643 648 669 679 681 716 729 758 772 776 796 948 964 972 983 1035 1040 1042 1047 1078 1089 1140 1155 1178 1202 1220 1245 1304 1331 1335 1337 1338 1339 1340 1342 1380 1382 1389 1416 1477 1498 1517 1543 1556 1563 1582 1589 1613 1617 1646 1669 1683 1717 1726 1733 1752 1759 1771 1777 1779 1780 1790 1791 1793 1799
