7
11
13 37 38 145 155 158 167
17 113 118 193 203 278 283
19 110 112 128 131 183 187 237 244 272 283 290 302 313 316 328 329 337 338
23 55 57 73 84 95 107 122 125 166 171 202 203 209 218 235 237 255 262 348 349 422 433 445 455
29 68 74 93 106 126 130 156 157 177 193 292 294 304 306 324 331 353 359 393 405 410 416 427 428 453 459 466 474 477 492 537 546 554 557 623 631 652 659 711 714 825 828
31 67 85 152 153 157 178 212 215 242 243 245 246 257 258 260 261 287 292 318 322 380 382 411 412 452 463 482 483 493 494 542 556 572 573 586 587 609 611 639 642 701 702 715 718 782 804 812 813 834 835 872 875 883 886 894 897 903 905 906 913 914 916 917 924 925 927
37 87 95 109 110 194 207 218 220 233 241 289 295 325 332 338 355 413 426 435 441 471 478 483 502 545 550 579 581 587 589 613 614 627 628 650 654 660 664 709 714 779 790 793 794 812 813 819 823 830 849 903 922 942 956 977 994 1011 1013 1031 1033 1047 1070 1081 1109 1117 1146 1164 1172 1198 1199 1210 1211 1226 1256 1269 1270 1273 1282 1285 1286 1297 1300 1311 1312 1316 1317 1328 1331 1334 1339 1340 1348 1353 1361 1362 1367
41 129 141 142 154 180 181 183 184 212 233 249 257 269 277 292 299 308 315 379 390 419 431 457 474 499 513 521 532 561 566 568 573 604 611 644 652 660 676 701 716 741 757 782 783 796 797 805 815 824 836 868 870 871 873 927 936 949 954 967 977 1007 1018 1047 1059 1085 1102 1153 1155 1161 1188 1201 1204 1226 1229 1244 1267 1274 1277 1366 1388 1416 1417 1418 1419 1448 1468 1495 1502 1531 1532 1546 1547 1652 1653 1668 1669
43 95 104 108 117 143 144 153 154 178 179 203 204 221 246 262 263 289 290 297 298 305 332 354 368 380 385 389 418 438 454 551 554 591 599 605 627 632 643 648 669 679 681 716 729 758 772 776 796 948 964 972 983 1035 1040 1042 1047 1078 1089 1140 1155 1178 1202 1220 1245 1304 1331 1335 1337 1338 1339 1340 1342 1380 1382 1389 1416 1477 1498 1517 1543 1556 1563 1582 1589 1613 1617 1646 1669 1683 1717 1726 1733 1752 1759 1771 1777 1779 1780 1790 1791 1793 1799
47 98 134 190 228 249 250 261 262 295 309 340 357 440 443 524 534 535 545 577 585 617 623 632 638 663 685 710 731 740 741 747 748 786 795 808 810 817 819 836 838 857 863 949 957 999 1000 1067 1072 1111 1121 1161 1164 1227 1237 1274 1275 1282 1283 1323 1327 1433 1450 1573 1575 1587 1589 1614 1641 1660 1688 1707 1716 1725 1734 1756 1778 1808 1819 1850 1870 1882 1884 1903 1910 1989 2010 2036 2037 2055 2056
53 114 120 142 148 175 176 191 192 218 230 242 254 313 317 322 360 387 393 394 400 426 466 469 476 547 549 550 552 553 555 599 602 603 604 605 608 677 688 704 713 729 741 744 778 808 819 851 855 859 873 877 881 904 911 926 933 958 984 995 1000 1017 1018 1029 1030 1070 1071 1081 1082 1124 1133 1173 1176 1177 1185 1186 1189 1226 1229 1238 1241 1254 1266 1285 1287 1335 1336 1341 1342 1408 1417 1418 1427 1465 1466 1474 1475 1544 1553 1594 1608 1616 1626 1629 1639 1699 1713 1731 1734 1752 1765 1784 1786 1829 1846 1878 1882 1887 1888 1892 1893 1898 1902 1910 1922 1938 1947 1994 1996 2046 2049 2093 2097 2103 2107 2133 2146 2159 2172 2185 2191 2219 2225 2228 2230 2232 2234 2306 2314 2359 2366 2393 2437 2456 2479 2514 2526 2549 2596 2623 2627 2761 2764 2768 2769 2796 2797 2801 2804
59 124 133 159 168 187 202 207 222 252 257 269 274 315 319 324 328 356 364 396 404 422 455 481 485 509 513 538 539 543 550 561 568 572 573 593 596 632 635 663 669 670 675 676 682 717 745 760 761 775 804 817 818 820 821 837 842 854 859 887 926 933 939 948 958 972 982 990 999 1109 1110 1113 1114 1130 1151 1185 1191 1207 1213 1243 1250 1265 1272 1398 1410 1421 1445 1454 1471 1478 1505 1520 1522 1545 1555 1604 1613 1637 1639 1666 1668 1692 1701 1716 1735 1773 1779 1789 1795 1807 1820 1924 1937 1951 1952 1958 1961 1967 1968 1987 1991 2046 2049 2102 2110 2156 2173 2191 2192 2195 2196 2213 2218 2228 2233 2246 2258 2266 2281 2282 2297 2339 2341 2388 2393 2394 2398 2399 2403 2404 2409 2421 2427 2428 2434 2442 2472 2484 2485 2487 2488 2571 2577 2623 2629 2636 2642 2658 2665 2680 2690 2692 2702 2730 2741 2758 2769 2791 2798 2818 2825 2847 2850 2883 2886 2919 2923 2927 2931 2952 2956 2963 2980 2987 3004 3022 3027 3057 3062 3080 3086 3115 3121 3139 3140 3150 3168 3178 3179 3199 3201 3234 3236 3261 3269 3283 3291
61 139 163 195 200 223 228 262 268 276 282 316 329 336 349 422 425 442 465 502 508 520 526 543 546 561 572 577 588 601 602 608 609 632 633 637 638 662 669 676 687 691 700 704 715 735 741 771 777 782 791 811 822 862 892 903 912 922 953 963 973 987 1009 1023 1024 1033 1034 1039 1040 1058 1059 1077 1078 1102 1111 1127 1136 1146 1147 1152 1153 1202 1218 1228 1231 1249 1252 1298 1303 1321 1341 1352 1359 1363 1370 1382 1401 1412 1413 1430 1431 1448 1456 1468 1469 1495 1496 1506 1510 1515 1519 1561 1562 1584 1585 1621 1622 1645 1646 1657 1670 1681 1707 1717 1718 1730 1731 1780 1782 1787 1789 1813 1817 1863 1888 1896 1915 1924 1948 1956 1960 1972 1976 2024 2029 2043 2044 2070 2071 2101 2134 2161 2171 2185 2195 2221 2222 2231 2246 2255 2256 2282 2298 2300 2316 2322 2325 2326 2332 2333 2336 2388 2391 2443 2457 2461 2462 2499 2500 2503 2518 2538 2544 2586 2617 2642 2660 2664 2682 2689 2695 2713 2732 2748 2757 2768 2798 2830 2857 2883 2925 2943 2944 2946 2957 2972 2983 2985 2986 3003 3007 3043 3047 3062 3085 3086 3109 3135 3157 3181 3182 3231 3232 3242 3256 3278 3292 3312 3343 3363 3373 3379 3397 3403 3413 3422 3475 3493 3508 3510 3525 3546 3552 3553 3554 3568 3571 3585 3586 3587 3593 3605 3608 3609 3611 3618 3621 3624 3625 3635 3636 3639 3642 3649 3651 3652 3655 3669 3681 3685 3686 3687 3694 3695 3696 3700 3712
67 141 191 213 227 232 233 238 252 282 289 295 303 309 316 346 355 362 369 376 385 413 421 429 435 443 451 471 480 487 510 517 526 531 533 558 572 596 601 622 641 694 702 728 735 742 743 744 785 786 787 807 821 841 855 887 908 926 936 942 986 995 1000 1028 1033 1058 1070 1085 1094 1100 1109 1151 1176 1190 1204 1213 1225 1235 1247 1279 1282 1291 1302 1311 1314 1323 1337 1345 1381 1389 1390 1403 1404 1411 1448 1456 1457 1469 1470 1482 1490 1502 1510 1520 1539 1556 1569 1618 1640 1718 1727 1731 1740 1745 1779 1784 1793 1798 1807 1813 1814 1815 1842 1843 1844 1891 1892 1898 1899 1916 1928 1929 1941 1961 1962 2049 2059 2064 2074 2080 2109 2114 2142 2147 2154 2168 2175 2187 2202 2217 2238 2249 2252 2270 2273 2283 2305 2349 2372 2420 2434 2454 2467 2482 2491 2492 2495 2496 2505 2510 2544 2555 2565 2579 2608 2643 2677 2708 2745 2751 2752 2753 2754 2765 2766 2767 2768 2780 2806 2840 2850 2859 2860 2869 2879 2906 2913 2925 2927 2939 2946 2991 2994 3057 3061 3104 3124 3125 3126 3127 3147 3220 3223 3227 3230 3289 3294 3303 3304 3313 3337 3346 3347 3355 3361 3369 3370 3371 3412 3413 3414 3420 3429 3434 3443 3473 3482 3509 3512 3537 3540 3566 3579 3603 3616 3648 3667 3698 3721 3727 3750 3777 3778 3803 3804 3821 3826 3833 3881 3896 3918 3929 3951 3986 3994 4028 4085 4161 4168 4175 4187 4192 4204 4211 4218 4241 4242 4270 4271 4295 4307 4308 4318 4327 4337 4338 4350 4363 4365 4368 4370 4372 4377 4380 4381 4383 4386 4392 4395 4397 4398 4401 4406 4408 4410 4413 4415
71 147 148 158 194 204 205 238 255 294 340 357 364 411 418 428 456 460 488 512 524 533 545 585 586 594 604 612 613 644 662 677 695 714 735 745 766 794 807 808 809 812 813 814 827 934 949 954 969 1013 1016 1028 1031 1072 1089 1092 1093 1096 1113 1138 1155 1156 1170 1171 1188 1194 1203 1215 1231 1236 1252 1266 1267 1271 1272 1286 1302 1306 1322 1363 1365 1384 1386 1436 1454 1478 1483 1550 1552 1576 1596 1614 1629 1642 1671 1685 1689 1695 1699 1719 1721 1722 1732 1733 1735 1778 1785 1810 1817 1824 1825 1841 1842 1854 1857 1859 1877 1879 1882 1924 1928 1932 1945 1949 1953 1999 2003 2006 2012 2015 2019 2076 2083 2114 2116 2136 2164 2183 2188 2212 2214 2216 2225 2227 2229 2283 2299 2320 2326 2327 2333 2354 2369 2391 2403 2420 2428 2430 2434 2436 2444 2463 2472 2495 2501 2504 2510 2563 2564 2582 2583 2596 2597 2607 2610 2620 2621 2641 2646 2665 2693 2707 2721 2735 2748 2751 2764 2810 2814 2817 2823 2826 2830 2876 2881 2884 2897 2900 2905 2947 2950 2951 2954 2968 2971 2972 2975 2985 3007 3029 3031 3032 3034 3094 3097 3107 3110 3132 3142 3164 3167 3170 3175 3178 3181 3203 3212 3234 3252 3277 3279 3310 3317 3379 3389 3415 3423 3440 3441 3447 3462 3468 3469 3504 3513 3521 3529 3537 3546 3575 3588 3592 3599 3603 3616 3657 3665 3667 3675 3694 3708 3714 3715 3734 3739 3758 3759 3793 3801 3813 3821 3866 3870 3873 3877 3878 3882 3885 3889 3934 3937 3959 3962 3980 3981 3985 3986 3999 4038 4076 4086 4087 4088 4090 4091 4092 4102 4134 4138 4148 4152 4167 4171 4181 4185 4206 4210 4250 4254 4277 4293 4300 4301 4308 4324 4352 4363 4370 4372 4379 4390 4404 4408 4425 4458 4475 4478 4493 4531 4561 4580 4585 4604 4632 4651 4655 4674 4709 4711 4723 4724 4736 4738 4773 4779 4782 4806 4809 4815
73 157 176 186 205 217 218 238 248 259 269 289 291 307 345 362 363 375 422 448 450 492 494 528 543 544 559 597 600 601 602 607 625 630 631 632 635 668 682 686 691 695 709 722 728 735 736 753 769 786 787 796 797 798 799 805 812 855 862 882 930 940 945 957 1000 1013 1017 1043 1044 1046 1056 1058 1059 1081 1082 1093 1094 1099 1116 1131 1148 1154 1155 1165 1166 1176 1185 1207 1216 1248 1249 1257 1261 1268 1269 1276 1280 1288 1289 1322 1340 1342 1360 1390 1437 1442 1458 1477 1495 1516 1529 1547 1548 1569 1570 1586 1592 1598 1604 1620 1642 1658 1677 1687 1689 1718 1720 1735 1745 1766 1786 1801 1802 1823 1824 1834 1863 1875 1880 1890 1895 1916 1926 1955 1956 1959 1960 1988 1999 2025 2035 2061 2062 2070 2071 2100 2105 2120 2126 2151 2157 2161 2189 2192 2230 2234 2235 2245 2250 2260 2261 2306 2318 2322 2334 2343 2369 2383 2387 2398 2402 2416 2441 2455 2460 2463 2467 2470 2475 2491 2496 2506 2511 2572 2575 2596 2597 2601 2619 2623 2624 2642 2643 2649 2650 2665 2666 2699 2700 2715 2722 2737 2746 2764 2773 2783 2799 2810 2845 2857 2863 2864 2870 2895 2905 2922 2923 2949 2950 3001 3016 3028 3062 3101 3134 3170 3188 3189 3191 3192 3210 3241 3242 3261 3264 3283 3284 3315 3322 3348 3355 3366 3376 3391 3393 3422 3424 3439 3448 3463 3497 3511 3512 3520 3521 3543 3562 3601 3620 3621 3629 3630 3649 3653 3669 3674 3675 3693 3702 3720 3721 3731 3736 3755 3756 3784 3785 3805 3807 3818 3839 3840 3845 3846 3867 3873 3884 3890 3912 3918 3940 3948 3954 3969 3975 4000 4006 4034 4040 4045 4046 4074 4075 4080 4086 4094 4098 4108 4111 4116 4149 4154 4157 4166 4171 4187 4223 4260 4267 4273 4282 4288 4295 4309 4318 4321 4322 4328 4338 4362 4372 4378 4379 4394 4395 4410 4435 4450 4451 4479 4481 4486 4504 4509 4511 4552 4558 4577 4583 4636 4644 4684 4685 4699 4707 4718 4726 4740 4741 4754 4766 4770 4800 4804 4816 4828 4841 4850 4851 4864 4865 4874 4887 4901 4959 4974 4977 4999 5006 5028 5031 5047 5049 5057 5072 5078 5093 5101 5103 5113 5114 5125 5135 5140 5155 5160 5170 5181 5182 5185 5187 5192 5197 5198 5202 5204 5205 5207 5213 5214 5219 5221 5226 5227 5233 5235 5236 5238 5242 5243 5248 5253 5255 5258 5259 5270 5280 5285 5292 5293 5300 5305 5315 5326 5327
