15.a8|[1, 1, 1, 35, -28]|[8]
21.a3|[1, 0, 0, -39, 90]|[8]
42.a5|[1, 1, 1, -4, 5]|[8]
48.a6|[0, 1, 0, 16, 180]|[8]
102.c5|[1, 0, 0, -34, 68]|[8]
210.e4|[1, 0, 0, -15070, 710612]|[8]
210.e7|[1, 0, 0, 210, 900]|[8]
336.d2|[0, 1, 0, -14624, 669300]|[8]
690.k5|[1, 0, 0, -420, 3600]|[8]
714.f5|[1, 1, 1, -70244, 7127525]|[8]
930.o4|[1, 0, 0, -3700, 67232]|[8]
966.g2|[1, 1, 1, -17714, 900047]|[8]
1230.f7|[1, 1, 1, -4890, 129447]|[8]
1680.q3|[0, 1, 0, -15680, 949428]|[8]
1680.p1|[0, 1, 0, -24400, 1458548]|[8]
1785.e5|[1, 0, 0, -1785, 194922]|[8]
1974.h5|[1, 0, 0, -6864, 223488]|[8]
2370.j6|[1, 1, 1, -53200, 4740785]|[8]
2730.w6|[1, 1, 1, -33200, 216426017]|[8]
4074.k6|[1, 0, 0, -11764, 95888]|[8]
4080.ba1|[0, 1, 0, -1815520, 940954100]|[8]
4305.f5|[1, 0, 0, -74715, 11825442]|[8]
4746.h4|[1, 0, 0, -758204, 254047248]|[8]
4794.c2|[1, 1, 1, -5199564, 4561336557]|[8]
4830.bj6|[1, 0, 0, -75340, -876400]|[8]
5334.d4|[1, 0, 0, -501584, 4323840]|[8]
5712.o1|[0, 1, 0, -219497664, 1251605773620]|[8]
6006.bb6|[1, 0, 0, 83616, -29981952]|[8]
6279.f2|[1, 0, 0, -487459, 130953890]|[8]
6510.r5|[1, 1, 1, 19890, 2056587]|[8]
6510.bb5|[1, 0, 0, -770, 168900]|[8]
7455.b4|[1, 0, 0, -61935, 2279322]|[8]
7755.e2|[1, 0, 0, -507905, 139280202]|[8]
7854.p5|[1, 0, 0, 46376, 5353040]|[8]
8778.q4|[1, 0, 0, -1376354, 574634820]|[8]
8778.r5|[1, 0, 0, -19780894, 35071900868]|[8]
10416.ba3|[0, 1, 0, -5229824, 4664605620]|[8]
10626.p6|[1, 0, 0, 104216, 1671488]|[8]
13530.v4|[1, 0, 0, -681440, 216441600]|[8]
14790.bd5|[1, 0, 0, -7211820, -15000206688]|[8]
15330.bd4|[1, 0, 0, -91720, 10683200]|[8]
15834.s2|[1, 0, 0, -1267501974, 17368693069860]|[8]
16590.z2|[1, 0, 0, -5286260, 4677673872]|[8]
16863.a5|[1, 1, 1, -700819, 260298722]|[8]
18354.p6|[1, 1, 1, -10025014, -89725079245]|[8]
18480.cs6|[0, 1, 0, 169140960, -1647270873612]|[8]
18480.bf1|[0, -1, 0, -1684880, 842323872]|[8]
18480.cx3|[0, 1, 0, -31967600, 69942010548]|[8]
18690.l5|[1, 1, 1, -43400, 3397385]|[8]
19635.j7|[1, 0, 0, 1473815, 1598551322]|[8]
21840.cc6|[0, 1, 0, 2215520, 406906100]|[8]
23430.i5|[1, 0, 0, 1270, 36988452]|[8]
28560.dq6|[0, 1, 0, 306000, -3608168652]|[8]
28560.cc3|[0, -1, 0, -493680, 139658400]|[8]
28560.ds1|[0, 1, 0, -27881280, 56655935028]|[8]
28770.bu5|[1, 0, 0, -480960, 128044800]|[8]
29274.bj6|[1, 0, 0, -8956224, 10322546688]|[8]
32835.d4|[1, 0, 0, -2664575, -382443750]|[8]
33915.e2|[1, 1, 1, -32132715, 70094879130]|[8]
34086.g6|[1, 0, 0, 3170986, -3277701852]|[8]
38640.cw1|[0, 1, 0, -678160, 208646900]|[8]
39270.cd4|[1, 1, 1, -1652910, 784094187]|[8]
39270.ct6|[1, 0, 0, -269700, 54090000]|[8]
40170.s2|[1, 0, 0, -3563930, 2587780452]|[8]
46410.ck3|[1, 0, 0, -139015370, 630861993012]|[8]
46410.cn4|[1, 0, 0, -5764349630, 168450516120900]|[8]
46410.ck7|[1, 0, 0, -298010, 293238372]|[8]
46830.w6|[1, 1, 1, -3277120, 2284517345]|[8]
47586.n5|[1, 0, 0, -183854, 42452868]|[8]
48477.d5|[1, 0, 0, -3831009, 3072336570]|[8]
53130.bu4|[1, 1, 1, -3981110, 3055748915]|[8]
54285.i2|[1, 0, 0, -16747777795, 834224265216962]|[8]
58854.m6|[1, 0, 0, -9961944, -8118585792]|[8]
58890.q5|[1, 0, 0, -810270, 331848900]|[8]
60720.ct4|[0, 1, 0, -1778400, 3558322548]|[8]
60879.a1|[1, 0, 0, -482605669, 4080679265810]|[8]
62634.ba4|[1, 0, 0, -3769954, 2817077828]|[8]
62985.d6|[1, 0, 0, -187359885, 1846394527122]|[8]
71610.by5|[1, 0, 0, -1765330, 891364100]|[8]
72930.ck5|[1, 1, 1, -1319030, 558837875]|[8]
78960.cy6|[0, 1, 0, 529417280, 7766550006068]|[8]
78960.dg1|[0, 1, 0, -6181680, 5096965428]|[8]
79530.v6|[1, 0, 0, -343510, -25447900]|[8]
82110.bs6|[1, 0, 0, -49095400, 132402324032]|[8]
82110.bs7|[1, 0, 0, 10134040, 425388708672]|[8]
85008.f1|[0, -1, 0, -1102033504, 14081587884928]|[8]
89166.m4|[1, 0, 0, -2919574, 1918952228]|[8]
90510.j2|[1, 1, 1, -782181820, 8402319414557]|[8]
91182.k6|[1, 0, 0, -1036644, 406940688]|[8]
91245.h2|[1, 0, 0, -31867385, 69239045850]|[8]
94290.bh6|[1, 0, 0, -3751720, -1653873088]|[8]
98790.w5|[1, 0, 0, -1567438810, 22497428128100]|[8]
103845.k4|[1, 0, 0, -674021275, 5536561961282]|[8]
107646.h5|[1, 1, 1, -844514, 249409775]|[8]
110670.cm6|[1, 0, 0, -126851620, 800523760400]|[8]
110670.cm2|[1, 0, 0, -36426360100, 2675908664482832]|[8]
111930.cj6|[1, 0, 0, 6928090, 3377055972]|[8]
122070.r7|[1, 0, 0, -5215910, 4422588900]|[8]
122430.co6|[1, 1, 1, -75405746290, -10339908238758145]|[8]
128310.bl5|[1, 1, 1, -2615190, 1168017555]|[8]
129030.bb2|[1, 0, 0, -1040444370, 12915436299012]|[8]
132090.cy4|[1, 0, 0, -38427368650, 891796781117732]|[8]
135408.l1|[0, -1, 0, -28591024, 58852221088]|[8]
138990.ba6|[1, 0, 0, 1156580460, 981679534992]|[8]
139035.e2|[1, 0, 0, -17935565, 29168012850]|[8]
141360.cz1|[0, 1, 0, -216993840, 1230250727988]|[8]
151536.be1|[0, 1, 0, -17195904, 27392814900]|[8]
158865.f6|[1, 0, 0, 59153545, 172985236650]|[8]
167790.by6|[1, 0, 0, 34517400, -89354520000]|[8]
168402.i5|[1, 0, 0, 2579636, 5221013648]|[8]
180030.p6|[1, 1, 1, -138223000, 625429783385]|[8]
181662.y5|[1, 0, 0, -9440554, 19547809460]|[8]
184002.y6|[1, 0, 0, -1237754, -255444252]|[8]
186186.bc4|[1, 0, 0, -15630374, 23783627748]|[8]
193830.cb5|[1, 0, 0, 330200, 196040000]|[8]
203190.bb4|[1, 1, 1, -3091045880, 66145123358777]|[8]
204630.be6|[1, 0, 0, -21867300, 39373290000]|[8]
205590.ci5|[1, 0, 0, -1613350, 2552313332]|[8]
212865.i5|[1, 0, 0, -3096255435, 66462140288322]|[8]
213486.bq6|[1, 0, 0, 80734836, -1597742682480]|[8]
217005.c7|[1, 1, 1, -1975609185, 121707261200640]|[8]
220506.f4|[1, 1, 1, -12464634, 16930782855]|[8]
224070.ci5|[1, 1, 1, -313392330, 2284443987927]|[8]
225330.bj6|[1, 1, 1, 7675722610, -4060605646645]|[8]
227010.bk4|[1, 1, 1, -1400361360, 20169377239665]|[8]
227760.bs1|[0, 1, 0, -87691520, 311429858868]|[8]
234192.g2|[0, -1, 0, -2774703744, -23241713352192]|[8]
236130.bc5|[1, 0, 0, -74480060, 758649795600]|[8]
242970.cz6|[1, 0, 0, -197405520, 1067678726400]|[8]
243474.y4|[1, 1, 1, -17453684304, 887514033426225]|[8]
246246.bz4|[1, 0, 0, -10695444, -5541867360]|[8]
249690.cj8|[1, 0, 0, 1051010430, -31142219309100]|[8]
249690.cj7|[1, 0, 0, -173039570, 782524080900]|[8]
250206.p1|[1, 0, 0, -1407890904, 20332890031680]|[8]
252042.f6|[1, 0, 0, 221339053496, -7453296595917760]|[8]
252210.bv7|[1, 0, 0, -622241620, 5084632410512]|[8]
253506.bg1|[1, 0, 0, -139676614, 635368533620]|[8]
260610.ce4|[1, 0, 0, -99251520, -241309605888]|[8]
260715.j4|[1, 1, 1, -7158645, 6527986620]|[8]
263445.e4|[1, 0, 0, -4530669455, -99643083223398]|[8]
266910.ck2|[1, 0, 0, -2178935510140, 1237982811464867600]|[8]
266910.bs1|[1, 1, 1, -1410681640, 20392905977897]|[8]
266910.ck6|[1, 0, 0, -8184310140, 326543733507600]|[8]
269535.j2|[1, 0, 0, -24804275, 47541401250]|[8]
276045.d2|[1, 1, 1, -13679948225, 615781846628192]|[8]
291984.cg1|[0, 1, 0, -33832624, 51957680180]|[8]
292182.z5|[1, 0, 0, -47258294, 1741633378980]|[8]
293370.co5|[1, 1, 1, 179980, 1493467445]|[8]
298770.bj4|[1, 0, 0, -1577859980, 24123950624400]|[8]
302640.bi1|[0, -1, 0, -4255490720, 106850940566400]|[8]
308490.bx4|[1, 1, 1, -15141210, 22670813415]|[8]
310128.bo1|[0, 1, 0, -4239695824, 106253778699380]|[8]
313005.h2|[1, 0, 0, -420558865, 3319556930042]|[8]
313635.g5|[1, 1, 1, -5753064265, 168230403380072]|[8]
318570.bd4|[1, 1, 1, -57402268090, 5293203385085255]|[8]
320943.e5|[1, 0, 0, -10221199629, 398231411414850]|[8]
345345.o5|[1, 0, 0, -15296565, 23765269842]|[8]
354522.v5|[1, 0, 0, -25913724, 274921375248]|[8]
355830.s4|[1, 0, 0, -2802061240, 57090161705792]|[8]
369138.bn6|[1, 0, 0, 3105866, -136743772]|[8]
379533.f4|[1, 0, 0, -1603810159, -374595086470]|[8]
396942.j6|[1, 1, 1, -365722084, 2692120902245]|[8]
410970.x6|[1, 0, 0, -23827530, -32680475100]|[8]
414960.gs4|[0, 1, 0, -71129453920, 58725178020913268]|[8]
414960.cq1|[0, -1, 0, -20883719760, 1054494563997600]|[8]
414966.g5|[1, 0, 0, -588806684, 5396672582928]|[8]
419430.bm6|[1, 1, 1, -21567240960, 1497262071813537]|[8]
420546.br4|[1, 0, 0, -136343004, 612758369808]|[8]
425040.fl1|[0, 1, 0, -714564240, 7346510745588]|[8]
435435.m5|[1, 1, 1, -11941368498325, -16235726940081966340]|[8]
447258.j4|[1, 0, 0, -533855844, 4670674183440]|[8]
459690.bb5|[1, 1, 1, 13114990, 68238755615]|[8]
468510.bv5|[1, 1, 1, 15800520, 72493254777]|[8]
472890.y5|[1, 0, 0, -716480730, 3730099385700]|[8]
487110.bc6|[1, 0, 0, -207578020, -963836059888]|[8]
487344.i3|[0, -1, 0, -139278144, 634381941888]|[8]
489090.bo8|[1, 1, 1, 3349000128440, -6746937088905086263]|[8]
497490.ea4|[1, 0, 0, -3104024980, 66563206615952]|[8]
66.c3|[1, 0, 0, -45, 81]|[10]
66.c4|[1, 0, 0, 115, 561]|[10]
150.c1|[1, 0, 0, -828, 9072]|[10]
150.c3|[1, 0, 0, -28, 272]|[10]
570.l4|[1, 0, 0, 9335, -737383]|[10]
570.l3|[1, 0, 0, -87945, -8655975]|[10]
870.h3|[1, 0, 0, -43360, 3450272]|[10]
870.h4|[1, 0, 0, -4480, -25600]|[10]
6270.r4|[1, 0, 0, -27275, 2000625]|[10]
6270.r2|[1, 0, 0, -454955, 118072977]|[10]
10230.bf3|[1, 0, 0, -486675, 130612257]|[10]
10230.bf4|[1, 0, 0, -430355, 162005025]|[10]
11550.cu2|[1, 0, 0, -433978, 93753572]|[10]
11550.cu1|[1, 0, 0, -6654778, 6606931172]|[10]
29370.bm3|[1, 0, 0, -187842820, 990906448400]|[10]
29370.bm4|[1, 0, 0, -11842820, 15197648400]|[10]
32718.l2|[1, 0, 0, -25200620, 48690669456]|[10]
32718.l3|[1, 0, 0, -1561580, 774335376]|[10]
61770.be3|[1, 0, 0, -30845990, 66567728100]|[10]
61770.be2|[1, 0, 0, -494845990, 4236906928100]|[10]
77610.bb4|[1, 0, 0, -408187825, -3104856293143]|[10]
77610.bb3|[1, 0, 0, -920187825, 6246414106857]|[10]
92442.n3|[1, 0, 0, -653356750, 6018360109316]|[10]
92442.n4|[1, 0, 0, -641724110, 6256980453636]|[10]
94710.cx3|[1, 0, 0, -13736615, 11732181225]|[10]
94710.cx4|[1, 0, 0, -12142535, 16280729097]|[10]
123690.by3|[1, 0, 0, -14916710, 21176759172]|[10]
123690.by4|[1, 0, 0, 583290, 1302659172]|[10]
136290.ct4|[1, 0, 0, 31710490, 2664272100]|[10]
136290.ct3|[1, 0, 0, -126947590, 21290730692]|[10]
140910.dd3|[1, 0, 0, -4823545, 3990649337]|[10]
140910.dd4|[1, 0, 0, 676455, 12569549337]|[10]
219450.hl1|[1, 0, 0, -1963596578, 33490702261572]|[10]
219450.hn3|[1, 0, 0, -341793003, 2214900059697]|[10]
219450.hn1|[1, 0, 0, -1239337803, -14349289224303]|[10]
219450.hl2|[1, 0, 0, -1954585378, 33813312232772]|[10]
334950.gb4|[1, 0, 0, 340721647, -744530178903]|[10]
334950.gb1|[1, 0, 0, -89537553, -95269046103]|[10]
338910.cn2|[1, 0, 0, -42917093165, 3421777140097617]|[10]
338910.cn4|[1, 0, 0, -2469093165, 62319962497617]|[10]
359310.bp3|[1, 0, 0, -63355450, 206603202500]|[10]
359310.bp2|[1, 0, 0, -64482970, 199297549412]|[10]
90.c7|[1, -1, 1, -122, 1721]|[12]
210.b8|[1, 0, 1, 1922, 20756]|[12]
2730.bd7|[1, 0, 0, -25725, 1577457]|[12]
4290.bb5|[1, 0, 0, -471900, 124722000]|[12]
6630.v7|[1, 0, 0, -2096146, 1124611076]|[12]
8190.bx1|[1, -1, 1, -20391107, 35440483331]|[12]
30030.bt7|[1, 0, 0, -749461, 263897441]|[12]
62790.bu7|[1, 0, 0, -167843570, 843125287812]|[12]
99330.bg3|[1, 0, 1, -10696531938, 425805659785156]|[12]
117810.ei4|[1, -1, 1, -475589417, 3992151134441]|[12]
125970.w7|[1, 0, 1, -80216838, 341267523688]|[12]
155610.fa1|[1, -1, 1, -119815963367, 15963236505248159]|[12]
167790.bx5|[1, 0, 0, -5614096320, 156768725901312]|[12]
274170.ck7|[1, 0, 0, -32075535, 63675551097]|[12]
278070.s2|[1, 0, 1, -786170938, 8484377935088]|[12]
335790.dy5|[1, -1, 1, -9403464137, 351551840248649]|[12]
434070.ds8|[1, -1, 1, 7958928568, -311336659716469]|[12]
15.a6|[1, 1, 1, -5, 2]|[2,4]
15.a5|[1, 1, 1, -10, -10]|[2,4]
21.a5|[1, 0, 0, -4, -1]|[2,4]
24.a4|[0, -1, 0, -4, 4]|[2,4]
42.a4|[1, 1, 1, -84, 261]|[2,4]
48.a3|[0, 1, 0, -24, 36]|[2,4]
102.c4|[1, 0, 0, -114, -396]|[2,4]
120.b4|[0, 1, 0, -20, 0]|[2,4]
195.a5|[1, 0, 0, -115, 392]|[2,4]
195.a4|[1, 0, 0, -520, -4225]|[2,4]
210.e5|[1, 0, 0, -7550, -247500]|[2,4]
210.c5|[1, 1, 1, -70, -205]|[2,4]
231.a3|[1, 1, 1, -39, 36]|[2,4]
240.d5|[0, 1, 0, -160, 308]|[2,4]
240.c2|[0, -1, 0, -200, 1152]|[2,4]
240.d2|[0, 1, 0, -2160, 37908]|[2,4]
330.d5|[1, 1, 1, -1025, 767]|[2,4]
330.e4|[1, 0, 0, -75, 225]|[2,4]
336.a2|[0, -1, 0, -784, 8704]|[2,4]
336.d3|[0, 1, 0, -1664, -9804]|[2,4]
390.f5|[1, 1, 1, -65, 47]|[2,4]
429.b4|[1, 0, 0, -429, 3384]|[2,4]
510.e5|[1, 1, 1, -1360, 18737]|[2,4]
510.e4|[1, 1, 1, -1440, 16305]|[2,4]
609.a4|[1, 1, 1, -12789, 551346]|[2,4]
663.a3|[1, 1, 1, -544, 4496]|[2,4]
690.k4|[1, 0, 0, -6900, 220032]|[2,4]
714.f4|[1, 1, 1, -90724, 2605541]|[2,4]
759.b5|[1, 0, 0, -374, -2541]|[2,4]
816.b2|[0, -1, 0, -27744, 1787904]|[2,4]
840.j4|[0, 1, 0, -420, 3168]|[2,4]
840.f3|[0, -1, 0, -740, 7812]|[2,4]
840.d3|[0, -1, 0, -180, 900]|[2,4]
930.o5|[1, 0, 0, -1220, -15600]|[2,4]
966.g4|[1, 1, 1, -1154, 12431]|[2,4]
1110.k4|[1, 1, 1, -21325, 1187267]|[2,4]
1122.e4|[1, 1, 1, -1564, -23299]|[2,4]
1155.e3|[1, 1, 1, -270, 1482]|[2,4]
1155.f5|[1, 0, 0, -11970, -496125]|[2,4]
1230.f4|[1, 1, 1, -56170, -5105305]|[2,4]
1230.f6|[1, 1, 1, -6170, 54695]|[2,4]
1254.f3|[1, 1, 1, -2319, 36741]|[2,4]
1254.g4|[1, 1, 1, -229, -229]|[2,4]
1302.j5|[1, 1, 1, -20584, -1129879]|[2,4]
1311.b3|[1, 1, 1, -5659, 160976]|[2,4]
1320.f4|[0, -1, 0, -3300, 74052]|[2,4]
1320.n5|[0, 1, 0, -340, -1600]|[2,4]
1365.a4|[1, 1, 1, -2975, 57692]|[2,4]
1482.k4|[1, 0, 0, -1319, 18249]|[2,4]
1560.d4|[0, -1, 0, -152100, 22882500]|[2,4]
1680.q2|[0, 1, 0, -16800, 832500]|[2,4]
1680.h3|[0, -1, 0, -600, 0]|[2,4]
1680.j5|[0, -1, 0, -120800, 15840000]|[2,4]
1680.p2|[0, 1, 0, -1720, 16100]|[2,4]
1680.t2|[0, 1, 0, -680, 5700]|[2,4]
1680.j2|[0, -1, 0, -1920800, 1025280000]|[2,4]
1770.h5|[1, 0, 0, -17365, -582175]|[2,4]
1785.e3|[1, 0, 0, -3910, 93347]|[2,4]
1785.d4|[1, 0, 0, -370, 2387]|[2,4]
1830.g5|[1, 1, 1, -320455, -67808323]|[2,4]
1848.g3|[0, 1, 0, -2084, 35616]|[2,4]
1974.h4|[1, 0, 0, -110544, 14137344]|[2,4]
1995.c5|[1, 1, 1, -526225, 41957942]|[2,4]
1995.b4|[1, 1, 1, -3325, 72410]|[2,4]
1995.e4|[1, 0, 0, -335, 1200]|[2,4]
2046.f4|[1, 1, 1, -21824, 1231841]|[2,4]
2139.b3|[1, 0, 0, -10834, 432419]|[2,4]
2145.b4|[1, 1, 1, -4460935, 3624620612]|[2,4]
2145.b3|[1, 1, 1, -4534140, 3499410780]|[2,4]
2184.c5|[0, -1, 0, -11284, -424316]|[2,4]
2184.j4|[0, 1, 0, -644, -4704]|[2,4]
2262.j5|[1, 1, 1, -1059, -7359]|[2,4]
2280.h5|[0, 1, 0, -2820, -50400]|[2,4]
2310.n4|[1, 1, 1, -1245, 15795]|[2,4]
2310.o4|[1, 1, 1, -5575730, 5065104575]|[2,4]
2370.j4|[1, 1, 1, -853200, 302980785]|[2,4]
2640.u3|[0, 1, 0, -3800, -50652]|[2,4]
2640.g2|[0, -1, 0, -4840, 131200]|[2,4]
2640.t3|[0, 1, 0, -171280, 27115028]|[2,4]
2640.h3|[0, -1, 0, -4080, 84672]|[2,4]
2730.u4|[1, 1, 1, -455, 1325]|[2,4]
2730.w5|[1, 1, 1, -349440, 79361697]|[2,4]
2730.w4|[1, 1, 1, -350720, 78749345]|[2,4]
2730.x4|[1, 1, 1, -20850, 1140735]|[2,4]
2760.e3|[0, -1, 0, -129380, 17952900]|[2,4]
2838.e3|[1, 0, 0, -8549, 147969]|[2,4]
3045.c5|[1, 1, 1, -7935, 268140]|[2,4]
3045.c4|[1, 1, 1, -11060, 33140]|[2,4]
3120.k2|[0, -1, 0, -130000, 18084352]|[2,4]
3120.x3|[0, 1, 0, -155480, -21815772]|[2,4]
3120.w3|[0, 1, 0, -9040, 324500]|[2,4]
3120.k4|[0, -1, 0, -8320, 270400]|[2,4]
3135.e3|[1, 0, 0, -985, 11600]|[2,4]
3255.d4|[1, 0, 0, -12660, 546975]|[2,4]
3255.c3|[1, 1, 1, -18925, 993242]|[2,4]
3432.a3|[0, -1, 0, -4724, 126084]|[2,4]
3480.r3|[0, 1, 0, -176180, 28401600]|[2,4]
3570.t4|[1, 1, 1, -17420, 588845]|[2,4]
3696.t2|[0, 1, 0, -4544, 114036]|[2,4]
3696.e2|[0, -1, 0, -3704, 29184]|[2,4]
3705.e5|[1, 1, 1, -3040, -63520]|[2,4]
3885.c4|[1, 0, 0, -35370, 2452275]|[2,4]
3885.c5|[1, 0, 0, -34965, 2513592]|[2,4]
3930.f4|[1, 0, 0, -5589335, 5085669225]|[2,4]
3990.u4|[1, 1, 1, -2155, -26023]|[2,4]
3990.bb3|[1, 0, 0, -10185, 383625]|[2,4]
3990.s5|[1, 1, 1, -16650, -313833]|[2,4]
4074.k4|[1, 0, 0, -115444, -15020656]|[2,4]
4080.ba3|[0, 1, 0, -115520, 14114100]|[2,4]
4080.ba4|[0, 1, 0, -23040, -1089612]|[2,4]
4290.bc4|[1, 0, 0, -23320, -1355200]|[2,4]
4305.h4|[1, 0, 0, -3710, -84525]|[2,4]
4305.f3|[1, 0, 0, -84760, 9488975]|[2,4]
4368.b2|[0, -1, 0, -9464, 357504]|[2,4]
4368.p2|[0, 1, 0, -176904, 28579716]|[2,4]
4560.n2|[0, -1, 0, -43320, 3484800]|[2,4]
4641.b3|[1, 1, 1, -1649, 24806]|[2,4]
4746.h3|[1, 0, 0, -778684, 239592464]|[2,4]
4785.c4|[1, 0, 0, -2795, 47400]|[2,4]
4785.a3|[1, 1, 1, -14460, 662412]|[2,4]
4794.c4|[1, 1, 1, -326604, 70416621]|[2,4]
4830.bj4|[1, 0, 0, -875340, -314636400]|[2,4]
4830.bi3|[1, 0, 0, -840, 6192]|[2,4]
4935.f4|[1, 0, 0, -8330, -49773]|[2,4]
5115.d4|[1, 1, 1, -2630, 31250]|[2,4]
5334.d5|[1, 0, 0, -339024, -75753216]|[2,4]
5520.bf2|[0, 1, 0, -141880, -14287900]|[2,4]
5520.i3|[0, -1, 0, -113280, -13305600]|[2,4]
5565.b3|[1, 1, 1, -131310, 12418890]|[2,4]
5565.c5|[1, 1, 1, -10735, -362788]|[2,4]
5565.b4|[1, 1, 1, -119305, 15809102]|[2,4]
5610.bc3|[1, 1, 1, -7390, 231947]|[2,4]
5658.h4|[1, 0, 0, -20254, 1082564]|[2,4]
5712.o2|[0, 1, 0, -13744704, 19474747956]|[2,4]
5865.c4|[1, 0, 0, -3260, 71247]|[2,4]
6006.bb5|[1, 0, 0, -1087664, -397529616]|[2,4]
6090.y4|[1, 0, 0, -21655, 1224425]|[2,4]
6105.e3|[1, 0, 0, -710265, 147847392]|[2,4]
6279.f4|[1, 0, 0, -31024, 1965359]|[2,4]
6405.e4|[1, 1, 1, -73843245, 244207815882]|[2,4]
6486.p5|[1, 0, 0, -6394, -192556]|[2,4]
6510.r4|[1, 1, 1, -172190, 23108555]|[2,4]
6510.bb4|[1, 0, 0, -50770, 4358900]|[2,4]
6555.b3|[1, 1, 1, -2600, 49592]|[2,4]
6864.e3|[0, -1, 0, -7584, -167616]|[2,4]
6864.r2|[0, 1, 0, -7144, 14276]|[2,4]
6960.q2|[0, -1, 0, -190760, -23409408]|[2,4]
7095.c4|[1, 1, 1, -78045, 8359482]|[2,4]
7095.b3|[1, 1, 1, -5081060, 4406253140]|[2,4]
7215.d3|[1, 0, 0, -6695, 165312]|[2,4]
7395.b4|[1, 0, 0, -1305, 0]|[2,4]
7410.q4|[1, 1, 1, -18835, 882065]|[2,4]
7440.j2|[0, -1, 0, -307520, 65740800]|[2,4]
7455.b5|[1, 0, 0, -33180, -2304225]|[2,4]
7590.u5|[1, 1, 1, -5345335, -4722958963]|[2,4]
7590.v5|[1, 1, 1, -16390, -53245]|[2,4]
7728.o3|[0, 1, 0, -81184, 8073716]|[2,4]
7752.i4|[0, 1, 0, -34884, 2496096]|[2,4]
7755.e4|[1, 0, 0, -32030, 2133027]|[2,4]
7770.be4|[1, 0, 0, -3065, -18183]|[2,4]
7854.p3|[1, 0, 0, -20264, 861504]|[2,4]
8103.b4|[1, 0, 0, -37074, -2722941]|[2,4]
8547.b5|[1, 1, 1, -61914, -3865194]|[2,4]
8778.r4|[1, 0, 0, -319628574, 2199432424644]|[2,4]
8778.q5|[1, 0, 0, -292194, -50491836]|[2,4]
8880.ba3|[0, 1, 0, -469200, -14049900]|[2,4]
8970.n5|[1, 1, 1, -4722035, -3372730063]|[2,4]
8976.w2|[0, 1, 0, -394944, 95400756]|[2,4]
9030.r3|[1, 1, 1, -29715, 1940097]|[2,4]
9240.bi4|[0, 1, 0, -30500, 1860000]|[2,4]
9240.m4|[0, -1, 0, -4180, -90428]|[2,4]
9240.r5|[0, -1, 0, -9780, -143100]|[2,4]
9240.bf4|[0, 1, 0, -137620, -10504000]|[2,4]
9240.o5|[0, -1, 0, -2004100, -1085338748]|[2,4]
9435.c5|[1, 1, 1, -2665, -37378]|[2,4]
9744.l3|[0, 1, 0, -208544, -34260684]|[2,4]
9840.y2|[0, 1, 0, -14346720, 20911140468]|[2,4]
9840.y4|[0, 1, 0, -898720, 324942068]|[2,4]
9870.p4|[1, 1, 1, -4940060, 3932480765]|[2,4]
10032.m2|[0, 1, 0, -42384, 3337236]|[2,4]
10032.n2|[0, 1, 0, -152624, 20447316]|[2,4]
10065.f7|[1, 0, 0, -26255, 98400]|[2,4]
10065.f5|[1, 0, 0, -279380, -56652225]|[2,4]
10416.ba2|[0, 1, 0, -5249664, 4627869876]|[2,4]
10608.p2|[0, 1, 0, -22224, 857556]|[2,4]
10614.j5|[1, 1, 1, -18639, -864939]|[2,4]
10626.p5|[1, 0, 0, -420664, 13323824]|[2,4]
10920.r4|[0, 1, 0, -3060, 62208]|[2,4]
10920.j4|[0, -1, 0, -12740, 557700]|[2,4]
11310.j3|[1, 1, 1, -11615, 292997]|[2,4]
11571.c4|[1, 1, 1, -13804, -619684]|[2,4]
11856.e3|[0, -1, 0, -32624, 260544]|[2,4]
12144.g2|[0, -1, 0, -93104, 10965504]|[2,4]
12369.c4|[1, 0, 0, -2064, 12159]|[2,4]
12558.m4|[1, 1, 1, -4374, 4371]|[2,4]
12810.o3|[1, 1, 1, -4102455, 2301763725]|[2,4]
13530.w3|[1, 0, 0, -23340, 1353600]|[2,4]
13530.v3|[1, 0, 0, -731440, 182831600]|[2,4]
14070.i4|[1, 1, 1, -26975, -1538683]|[2,4]
14160.i2|[0, -1, 0, -4010320, 3091920832]|[2,4]
14190.l4|[1, 1, 1, -53625, -907065]|[2,4]
14280.t5|[0, -1, 0, -2500, 2500]|[2,4]
14280.s3|[0, -1, 0, -21540, 620100]|[2,4]
14280.bp5|[0, 1, 0, -31620, -2080800]|[2,4]
14280.r4|[0, -1, 0, -2082500, 1157406852]|[2,4]
14640.bj2|[0, 1, 0, -81333360, 282298775508]|[2,4]
14685.e4|[1, 0, 0, -81840, -8957025]|[2,4]
14763.f4|[1, 0, 0, -11619, 462024]|[2,4]
14790.bd6|[1, 0, 0, -686460, -90847728]|[2,4]
14790.bd4|[1, 0, 0, -9084540, -10533020400]|[2,4]
14835.b4|[1, 1, 1, -4755, -97848]|[2,4]
14910.ba4|[1, 1, 1, -448770, -99921393]|[2,4]
15015.i3|[1, 0, 0, -62422800, 168666113007]|[2,4]
15015.h4|[1, 0, 0, -151820, 22755375]|[2,4]
15015.e4|[1, 1, 1, -77090, 8201630]|[2,4]
15015.d4|[1, 1, 1, -125255, 13345652]|[2,4]
15015.c5|[1, 1, 1, -2520, 11832]|[2,4]
15222.d3|[1, 1, 1, -62729, 5579831]|[2,4]
15330.bd3|[1, 0, 0, -98200, 9085232]|[2,4]
15405.e4|[1, 0, 0, -122330, 11572275]|[2,4]
15504.b3|[0, -1, 0, -36504, -2249856]|[2,4]
15792.f3|[0, -1, 0, -1780224, -892394496]|[2,4]
15834.t3|[1, 0, 0, -3549, 74529]|[2,4]
15834.s4|[1, 0, 0, -80337814, 263319554084]|[2,4]
15960.c4|[0, -1, 0, -11380, 442372]|[2,4]
15990.r4|[1, 1, 1, -53300, 4714085]|[2,4]
16104.b5|[0, -1, 0, -72658564, -238142523836]|[2,4]
16368.r3|[0, 1, 0, -354304, -77088844]|[2,4]
16530.ba4|[1, 0, 0, -6625, 205625]|[2,4]
16536.e4|[0, 1, 0, -165204, -25406784]|[2,4]
16590.z4|[1, 0, 0, -331380, 72608400]|[2,4]
16665.b5|[1, 1, 1, -2083125, 1156365810]|[2,4]
16665.b4|[1, 1, 1, -2086250, 1152718310]|[2,4]
16770.z4|[1, 1, 1, -360880, -83323375]|[2,4]
16863.a3|[1, 1, 1, -730384, 239946176]|[2,4]
16872.c4|[0, 1, 0, -39444, -2911104]|[2,4]
17085.b5|[1, 1, 1, -432820, -109455580]|[2,4]
17157.e5|[1, 0, 0, -18024654, -29442272301]|[2,4]
17160.n3|[0, -1, 0, -9300, 347652]|[2,4]
17490.x4|[1, 1, 1, -339505, 75768527]|[2,4]
17958.i4|[1, 1, 1, -44854, -1361869]|[2,4]
18096.v2|[0, 1, 0, -233264, 43268436]|[2,4]
18354.p5|[1, 1, 1, -368221494, -2706278726349]|[2,4]
18480.df3|[0, 1, 0, -51920, 3134868]|[2,4]
18480.cz2|[0, 1, 0, -14000, 512148]|[2,4]
18480.cx2|[0, 1, 0, -32016600, 69717923748]|[2,4]
18480.bl2|[0, -1, 0, -1901800, 1009735552]|[2,4]
18480.bf3|[0, -1, 0, -109880, 11983872]|[2,4]
18480.bg2|[0, -1, 0, -3049200, 2050417152]|[2,4]
18480.cs3|[0, 1, 0, -93225760, -293563545100]|[2,4]
18480.dc2|[0, 1, 0, -64680, 6309828]|[2,4]
18480.cn2|[0, 1, 0, -128360, 17645508]|[2,4]
18690.l4|[1, 1, 1, -93400, -5962615]|[2,4]
18753.a5|[1, 1, 1, -9624, 45576]|[2,4]
18942.k3|[1, 1, 1, -56714, 5148551]|[2,4]
18960.x3|[0, 1, 0, -13683200, -19322495052]|[2,4]
19065.c4|[1, 1, 1, -4925125, 4204962242]|[2,4]
19065.e4|[1, 0, 0, -34330, 2442275]|[2,4]
19320.ba5|[0, 1, 0, -9700, 105248]|[2,4]
19320.k3|[0, -1, 0, -92580, 10871172]|[2,4]
19635.g4|[1, 1, 1, -9825, 159510]|[2,4]
19635.j3|[1, 0, 0, -927430, 300438275]|[2,4]
19635.j4|[1, 0, 0, -894625, 325612832]|[2,4]
19866.n4|[1, 1, 1, -19569, 990351]|[2,4]
20202.i4|[1, 0, 0, -298389, 54947169]|[2,4]
20235.d4|[1, 1, 1, -692050, 221289710]|[2,4]
20670.y4|[1, 1, 1, -48295, 3895757]|[2,4]
20976.h2|[0, 1, 0, -132864, 265716]|[2,4]
20982.e4|[1, 1, 1, -89248339, 324480636881]|[2,4]
21147.b3|[1, 1, 1, -163454, 25364666]|[2,4]
21390.k3|[1, 1, 1, -5210, 134615]|[2,4]
21576.a3|[0, -1, 0, -234644, 43823364]|[2,4]
21840.ce3|[0, 1, 0, -13720, -467932]|[2,4]
21840.bd3|[0, -1, 0, -7560, 168192]|[2,4]
21840.by3|[0, 1, 0, -145600, 16714100]|[2,4]
21840.cc3|[0, 1, 0, -584480, 51866100]|[2,4]
21840.cg3|[0, 1, 0, -11019520, 6255865268]|[2,4]
21840.cg4|[0, 1, 0, -5611520, -5051181132]|[2,4]
21840.cm2|[0, 1, 0, -61360, 5762900]|[2,4]
21945.k4|[1, 1, 1, -694925, 222684842]|[2,4]
21945.l4|[1, 1, 1, -66240, 5638272]|[2,4]
22134.bd4|[1, 0, 0, -6374, 190164]|[2,4]
22422.e4|[1, 1, 1, -271749, 29190411]|[2,4]
22440.k4|[0, -1, 0, -74260, 7740100]|[2,4]
22440.w3|[0, 1, 0, -3860, 57408]|[2,4]
22695.d3|[1, 1, 1, -1085110, 434610290]|[2,4]
22704.c2|[0, -1, 0, -1069904, 419765184]|[2,4]
22755.c3|[1, 1, 1, -58315, 5394272]|[2,4]
23205.d4|[1, 0, 0, -2765865, 1766505600]|[2,4]
23205.g4|[1, 0, 0, -1062670, -420935725]|[2,4]
23205.g6|[1, 0, 0, -90265, -1440208]|[2,4]
23370.q3|[1, 1, 1, -51270, 4048707]|[2,4]
23370.x4|[1, 0, 0, -1437275520, -20971925913600]|[2,4]
23430.i4|[1, 0, 0, -1657610, 807704100]|[2,4]
23730.bb4|[1, 1, 1, -3338020, -2346257755]|[2,4]
23730.bb7|[1, 1, 1, -264740, -15482203]|[2,4]
23970.w4|[1, 0, 0, -18100, 754832]|[2,4]
24090.n5|[1, 0, 0, -446430, 26568900]|[2,4]
24090.n6|[1, 0, 0, -342750, 77102532]|[2,4]
24360.bb4|[0, 1, 0, -14980, -666400]|[2,4]
24486.l5|[1, 0, 0, -16489, 192089]|[2,4]
24510.u5|[1, 0, 0, -5295, -63063]|[2,4]
24522.l4|[1, 0, 0, -348759, 79244649]|[2,4]
25080.v4|[0, 1, 0, -76660, 8134400]|[2,4]
25194.q4|[1, 1, 1, -16859, 401321]|[2,4]
25530.z4|[1, 1, 1, -31685, -1624885]|[2,4]
26013.a4|[1, 1, 1, -119684, 9525476]|[2,4]
26040.u4|[0, 1, 0, -5090820, -4407530400]|[2,4]
26130.be5|[1, 0, 0, -40105, 469577]|[2,4]
26187.a4|[1, 0, 0, -33719, 2368464]|[2,4]
26520.bc3|[0, 1, 0, -16580, 815328]|[2,4]
26520.m5|[0, -1, 0, -141700, -20060348]|[2,4]
26565.c4|[1, 1, 1, -12410, 525062]|[2,4]
26565.h3|[1, 0, 0, -4675, 85400]|[2,4]
26790.ba5|[1, 0, 0, -106220, -13254000]|[2,4]
27573.a5|[1, 1, 1, -137169, -18694794]|[2,4]
28203.d4|[1, 0, 0, -206228274, 1139685909219]|[2,4]
28470.p3|[1, 1, 1, -584610, 171718815]|[2,4]
28560.bq3|[0, -1, 0, -23920, 1272832]|[2,4]
28560.cc2|[0, -1, 0, -499800, 136167552]|[2,4]
28560.dp2|[0, 1, 0, -166040, 25563300]|[2,4]
28560.dn3|[0, 1, 0, -27000, 1692900]|[2,4]
28560.dq3|[0, 1, 0, -2095000, -1142821852]|[2,4]
28560.ds3|[0, 1, 0, -1758400, 867912500]|[2,4]
28560.bo2|[0, -1, 0, -97840, 1561600]|[2,4]
28770.bu4|[1, 0, 0, -673040, 16138992]|[2,4]
29274.bi5|[1, 0, 0, -5184, -1296]|[2,4]
29274.bj4|[1, 0, 0, -143325504, 660427997184]|[2,4]
29298.s4|[1, 1, 1, -90184384, -329613906079]|[2,4]
29640.v3|[0, 1, 0, -39540, 2901888]|[2,4]
30030.bh4|[1, 1, 1, -300740, -46462795]|[2,4]
30030.bi4|[1, 1, 1, -3234595, 2236385345]|[2,4]
30030.bh5|[1, 1, 1, -108660, 13158837]|[2,4]
30030.bk5|[1, 1, 1, -19765900, -33817260115]|[2,4]
30030.bz4|[1, 0, 0, -64075, -128143]|[2,4]
30030.by5|[1, 0, 0, -4823825, -3650834775]|[2,4]
30030.cc4|[1, 0, 0, -5765, 138417]|[2,4]
30210.bm5|[1, 0, 0, -420885, -15209775]|[2,4]
30360.q4|[0, -1, 0, -86020, -9425468]|[2,4]
30810.bk5|[1, 0, 0, -50830, -4377100]|[2,4]
31098.k4|[1, 0, 0, -559764, 161149824]|[2,4]
31155.b5|[1, 0, 0, -28285, -1335928]|[2,4]
31416.g4|[0, 1, 0, -12244, 513536]|[2,4]
31440.j3|[0, -1, 0, -90166640, -319842343488]|[2,4]
31746.bi4|[1, 0, 0, -5479, 100409]|[2,4]
31920.ba2|[0, -1, 0, -396240, 61854912]|[2,4]
31920.br3|[0, 1, 0, -77760480, 261874914228]|[2,4]
31920.bs3|[0, 1, 0, -35880, 2076228]|[2,4]
31920.bv2|[0, 1, 0, -496560, 134490708]|[2,4]
31920.bw3|[0, 1, 0, -55200, -4367052]|[2,4]
31920.cb2|[0, 1, 0, -3466400, 2480992500]|[2,4]
31920.w3|[0, -1, 0, -40640, 3112512]|[2,4]
32190.r3|[1, 1, 1, -37305, 2736375]|[2,4]
32208.k2|[0, 1, 0, -1162241784, 15250420128996]|[2,4]
32214.s3|[1, 1, 1, -200029, 22100531]|[2,4]
32592.f2|[0, -1, 0, -29506624, 61701627904]|[2,4]
32718.f3|[1, 1, 1, -116984, 15313961]|[2,4]
32766.j4|[1, 1, 1, -5592064, 5087535521]|[2,4]
32835.d5|[1, 0, 0, -2042700, -1122350625]|[2,4]
32970.n3|[1, 1, 1, -12153775, 16204592885]|[2,4]
33072.c2|[0, -1, 0, -2629224, 1641803904]|[2,4]
33744.e2|[0, -1, 0, -624264, 190053504]|[2,4]
33915.e4|[1, 1, 1, -2010840, 1091687880]|[2,4]
34086.g5|[1, 0, 0, -23371094, -34645131996]|[2,4]
34221.b4|[1, 1, 1, -68169, 6236766]|[2,4]
34224.g2|[0, -1, 0, -231664, -7379456]|[2,4]
34320.cc2|[0, 1, 0, -223796240, 1015356117588]|[2,4]
34320.cc3|[0, 1, 0, -72546240, -224107382412]|[2,4]
34320.ce2|[0, 1, 0, -12680, -75900]|[2,4]
34320.u2|[0, -1, 0, -5948800, 5586583552]|[2,4]
34710.z5|[1, 1, 1, -1104330, -382250025]|[2,4]
34710.z6|[1, 1, 1, -304330, 58709975]|[2,4]
34989.a4|[1, 0, 0, -2834109, 1836187704]|[2,4]
35112.b4|[0, -1, 0, -641684, 192994884]|[2,4]
35139.a4|[1, 1, 1, -152269, 22806506]|[2,4]
35178.n4|[1, 1, 1, -12837974, -4463039149]|[2,4]
35409.b3|[1, 0, 0, -24349, 1459304]|[2,4]
35805.d5|[1, 1, 1, -4701255, -3893738748]|[2,4]
35805.e4|[1, 1, 1, -101345, -10623418]|[2,4]
35880.k4|[0, -1, 0, -7220, -71100]|[2,4]
35880.r4|[0, 1, 0, -32500, 2195648]|[2,4]
36120.bb4|[0, 1, 0, -97700, -781152]|[2,4]
36465.f4|[1, 1, 1, -429760, 107753840]|[2,4]
37515.a3|[1, 1, 1, -260780, 48946700]|[2,4]
37830.z4|[1, 0, 0, -1388060, -110534400]|[2,4]
37830.z5|[1, 0, 0, -863180, 306955152]|[2,4]
37968.g2|[0, -1, 0, -46051264, 103582895104]|[2,4]
38346.i5|[1, 1, 1, -5060754, -4199856609]|[2,4]
38352.q3|[0, 1, 0, -11144384, 7592586036]|[2,4]
38409.b4|[1, 1, 1, -16349, -704374]|[2,4]
38595.c4|[1, 1, 1, -5006500, -4310040940]|[2,4]
38640.cw2|[0, 1, 0, -103160, -8243100]|[2,4]
38640.bf3|[0, -1, 0, -89080, 10182400]|[2,4]
38640.bi2|[0, -1, 0, -85440, 9338112]|[2,4]
38640.bk2|[0, -1, 0, -223957440, 1290094387200]|[2,4]
38760.h3|[0, -1, 0, -27460, 1759492]|[2,4]
38766.be4|[1, 0, 0, -37594, -1569436]|[2,4]
38922.i5|[1, 0, 0, -81498259, -272945484511]|[2,4]
38982.f3|[1, 0, 0, -888144, 321982704]|[2,4]
39270.cc4|[1, 1, 1, -7080805, 7248233627]|[2,4]
30.a6|[1, 0, 1, -19, 26]|[2,6]
90.c3|[1, -1, 1, -3002, 63929]|[2,6]
210.d5|[1, 0, 0, -361, 2585]|[2,6]
210.b6|[1, 0, 1, -578, 2756]|[2,6]
630.h2|[1, -1, 1, -197573, 33848381]|[2,6]
630.f3|[1, -1, 0, -24309, 1426113]|[2,6]
2310.h5|[1, 0, 1, -286854, 58872856]|[2,6]
2310.u7|[1, 0, 0, -6411, 23985]|[2,6]
2310.l5|[1, 0, 1, -15753, 759256]|[2,6]
2730.bd6|[1, 0, 0, -41405, -576975]|[2,6]
2730.o6|[1, 0, 1, -61744, 5898926]|[2,6]
3570.w6|[1, 0, 0, -544326, 154522980]|[2,6]
4290.bb6|[1, 0, 0, -31900, 1610000]|[2,6]
4830.be6|[1, 0, 0, -4393456, -140558080]|[2,6]
5610.q7|[1, 0, 1, -189908, -12291694]|[2,6]
6270.l5|[1, 0, 1, -1336508, 594587306]|[2,6]
6630.v6|[1, 0, 0, -5557266, -3547208700]|[2,6]
6930.z3|[1, -1, 1, -455648, 94718531]|[2,6]
6930.q3|[1, -1, 0, -2994759, 1995489513]|[2,6]
6930.bl2|[1, -1, 1, -14548217, 20191955609]|[2,6]
8190.bx4|[1, -1, 1, -1409027, 429934979]|[2,6]
8190.h2|[1, -1, 0, -22607145, 41378528025]|[2,6]
10710.n4|[1, -1, 0, -9156294, 4087006308]|[2,6]
12870.c2|[1, -1, 0, -8225100, 9078652800]|[2,6]
14490.z2|[1, -1, 0, -2245670064, 40961041011648]|[2,6]
16830.bk3|[1, -1, 1, -113195543, 463573200431]|[2,6]
18810.p3|[1, -1, 1, -20320943, 8757439031]|[2,6]
19890.n2|[1, -1, 0, -3707437554, 86888738522628]|[2,6]
30030.bt6|[1, 0, 0, -12180181, 16360637345]|[2,6]
30030.p5|[1, 0, 1, -1840059, 959624146]|[2,6]
39270.cp6|[1, 0, 0, -1054050116, -12046088636400]|[2,6]
39270.bg5|[1, 0, 1, -10357574, 12789715016]|[2,6]
39270.br6|[1, 0, 1, -2376073528, 44530097120006]|[2,6]
43890.ct6|[1, 0, 0, -999296, 377303040]|[2,6]
46410.be6|[1, 0, 1, -375973, 85217756]|[2,6]
51870.bd6|[1, 0, 1, -55935204, 151397748706]|[2,6]
51870.y6|[1, 0, 1, -687089, -116077264]|[2,6]
53130.cs7|[1, 0, 0, -2088590, -732603900]|[2,6]
62790.bu6|[1, 0, 0, -2691000050, 53729999002500]|[2,6]
62790.v6|[1, 0, 1, -5134368, 4453877806]|[2,6]
66990.bg6|[1, 0, 1, -18232959, 18943242046]|[2,6]
67830.bz6|[1, 0, 0, -537345, 47630025]|[2,6]
67830.s4|[1, 0, 1, -181466594, 940883727476]|[2,6]
71610.w6|[1, 0, 1, -29294128, -48708276994]|[2,6]
72930.cp6|[1, 0, 0, -2877491, 1787909025]|[2,6]
79170.bq6|[1, 0, 1, -40131018, 97848210556]|[2,6]
90090.ce4|[1, -1, 0, -152605089, -63905859927]|[2,6]
90090.dr2|[1, -1, 1, -61988162, 160936392449]|[2,6]
91770.be6|[1, 0, 1, -3339463, 1946476406]|[2,6]
98670.bv5|[1, 0, 0, -6229091, 5983356225]|[2,6]
99330.bg6|[1, 0, 1, -672781938, 6564320785156]|[2,6]
110670.co4|[1, 0, 0, -68544020, 218419136400]|[2,6]
111930.x7|[1, 0, 1, -214047334, -1053789162904]|[2,6]
115710.bl7|[1, 0, 1, -13312373, -14159184244]|[2,6]
117810.bu2|[1, -1, 0, -750012375204, 250006374900998928]|[2,6]
117810.df4|[1, -1, 1, -82811204123, 7954502395245131]|[2,6]
117810.ei3|[1, -1, 1, -484621097, 3832648052969]|[2,6]
125970.w5|[1, 0, 1, -85326358, 303346710056]|[2,6]
131670.cj4|[1, -1, 0, -85049424, 297674459568]|[2,6]
139230.df3|[1, -1, 1, -42577628, 106295128031]|[2,6]
144690.u6|[1, 0, 1, -5045081009, 137926904327696]|[2,6]
146370.cn7|[1, 0, 0, -335944840, 1934592833600]|[2,6]
155610.fa2|[1, -1, 1, -7495963367, 248904729248159]|[2,6]
155610.fe2|[1, -1, 1, -432117032, 3457511648939]|[2,6]
159390.bf3|[1, -1, 0, -1360319310, 19311544570500]|[2,6]
167790.bx6|[1, 0, 0, -885039040, -6787611750400]|[2,6]
178710.z7|[1, 0, 1, -126444634, 334325609996]|[2,6]
188370.ca4|[1, -1, 1, -284055683, 1761480412931]|[2,6]
188370.r4|[1, -1, 0, -26653050450, -1141465011637500]|[2,6]
188790.p5|[1, 0, 1, -7750790274, 262642638842116]|[2,6]
200970.eo2|[1, -1, 1, -5502064262, 157063080840149]|[2,6]
203490.ee3|[1, -1, 1, -1956594677, -14632320905971]|[2,6]
203490.r2|[1, -1, 0, -221146605, 1265831924625]|[2,6]
214830.cn2|[1, -1, 1, -20133949523, 1099622350950131]|[2,6]
214890.bg5|[1, 0, 0, -35633466, 81769961700]|[2,6]
218790.bu2|[1, -1, 0, -353612079, 2547402494553]|[2,6]
237510.cw4|[1, -1, 1, -465861533, -987705040219]|[2,6]
257070.i5|[1, 0, 1, -608647464, 5778718527286]|[2,6]
260130.r5|[1, 0, 1, -4273623723, 107532529241506]|[2,6]
269610.bh7|[1, 0, 0, -387369046, 1288935375140]|[2,6]
274170.ck6|[1, 0, 0, -116289615, -412420328775]|[2,6]
275310.cr2|[1, -1, 1, -704289038, 7189054517981]|[2,6]
278070.s6|[1, 0, 1, -49428958, 130902669056]|[2,6]
296010.ba3|[1, -1, 0, -82132479, 3449491353]|[2,6]
296670.ch6|[1, 0, 0, -23506225, -12762124375]|[2,6]
297990.du4|[1, -1, 1, -61757471813, 5840275489870781]|[2,6]
332010.w3|[1, -1, 0, -773064180, -2683448838000]|[2,6]
335790.dy3|[1, -1, 1, -150523464137, 22477869536248649]|[2,6]
347130.dh3|[1, -1, 1, -9034661228, 330536085139631]|[2,6]
356730.by4|[1, 0, 0, -1927252846, 32565217284740]|[2,6]
358530.f6|[1, 0, 1, -283345319, 1835762281526]|[2,6]
377910.bj2|[1, -1, 1, -1525803593, 10402419668681]|[2,6]
397110.w6|[1, 0, 1, -4846913715494, 4107201439429984376]|[2,6]
406410.bf5|[1, 0, 0, -2938870061, 61307067962385]|[2,6]
434070.ds4|[1, -1, 1, -49303192712, -3047000146595701]|[2,6]
439110.z3|[1, -1, 0, -73153303560, 7610685156172800]|[2,6]
210.e6|[1, 0, 0, -1070, 7812]|[2,8]
46410.ck6|[1, 0, 0, -8696090, 9838496100]|[2,8]
82110.bs5|[1, 0, 0, -49423080, 130545230400]|[2,8]
110670.cm5|[1, 0, 0, -2276760100, 41806588162832]|[2,8]
249690.cj6|[1, 0, 0, -673039570, -5895575919100]|[2,8]
266910.ck5|[1, 0, 0, -136184310140, 19343222133507600]|[2,8]
