[10,315,588,1050]
[120,600,720,961]
[1200,1445,1452,1620]
[14,242,308,539]
[14,49,112,338]
[14,49,50,112]
[15,147,175,315]
[15,48,50,90]
[160,288,960,1875]
[162,256,294,1587]
[175,392,400,1400]
[180,588,605,1200]
[192,735,810,1250]
[2,144,294,363]
[20,300,720,867]
[24,48,49,72]
[242,286,1300,1859]
[25,336,630,1470]
[25,75,225,363]
[28,192,567,588]
[28,49,126,578]
[300,484,507,576]
[35,63,75,735]
[39,468,676,768]
[4,242,529,578]
[40,72,75,240]
[44,77,98,1694]
[48,144,169,192]
[49,350,448,578]
[5,361,605,1225]
[50,169,196,242]
[520,832,845,1800]
[560,1400,1521,1960]
[6,75,98,144]
[60,490,567,1050]
[75,121,363,1089]
[92,529,578,1150]
[98,144,147,294]
