[1,16,18,1682]
[1,16,18,50]
[1,2,4,50]
[1,98,100,1682]
[10,315,588,1050]
[10,98,175,560]
[1078,1210,1260,1925]
[117,390,1200,1690]
[12,45,50,1470]
[12,63,112,588]
[120,600,720,961]
[1200,1445,1452,1620]
[121,484,1444,1936]
[13,325,405,845]
[130,720,975,1014]
[14,1078,1925,1936]
[14,242,308,539]
[14,49,112,338]
[14,49,50,112]
[15,147,175,315]
[15,36,100,240]
[15,48,50,90]
[15,560,882,1050]
[160,288,960,1875]
[162,256,294,1587]
[168,1008,1176,1849]
[175,392,400,1400]
[176,484,539,676]
[18,75,80,1470]
[180,588,605,1200]
[192,735,810,1250]
[195,650,720,1014]
[2,100,121,338]
[2,144,294,363]
[2,25,50,100]
[2,3,12,18]
[2,50,80,245]
[20,144,225,1620]
[20,300,363,720]
[20,300,720,867]
[208,637,648,1352]
[24,48,49,72]
[240,360,361,600]
[242,286,1300,1859]
[25,336,630,1470]
[25,75,225,363]
[27,405,605,675]
[27,98,108,162]
[270,405,432,1250]
[272,289,338,850]
[28,192,567,588]
[28,49,126,578]
[28,49,50,126]
[289,1088,1250,1666]
[3,45,75,245]
[3,49,75,81]
[30,45,48,50]
[30,45,50,192]
[300,484,507,576]
[32,605,800,1280]
[336,625,630,1470]
[338,1344,1638,1911]
[34,289,338,612]
[34,289,612,1250]
[35,112,200,1960]
[35,150,294,1260]
[35,63,75,735]
[350,882,900,1575]
[39,468,676,768]
[4,242,529,578]
[4,6,9,726]
[40,72,75,240]
[414,529,578,1472]
[44,484,1024,1859]
[44,726,891,1734]
[44,77,98,1694]
[48,144,169,192]
[49,252,338,350]
[49,350,448,578]
[5,361,605,1225]
[50,144,147,726]
[50,169,196,242]
[50,192,405,1470]
[50,528,726,891]
[50,98,320,605]
[520,832,845,1800]
[528,722,726,891]
[560,1400,1521,1960]
[6,20,45,150]
[6,484,726,1089]
[6,75,98,144]
[60,490,567,1050]
[62,961,1250,1984]
[7,162,252,882]
[7,441,729,1575]
[72,363,392,768]
[72,75,80,120]
[75,121,363,1089]
[75,288,320,480]
[80,320,400,441]
[84,90,490,525]
[92,529,578,1150]
[98,144,147,294]
[98,147,162,588]
[98,507,588,882]
