[10,315,588,1050]
[100,1200,2916,3675]
[1008,3528,4489,4536]
[1058,1725,1734,3312]
[1058,4418,4761,8464]
[1100,1573,7150,8450]
[117,507,867,6877]
[120,280,525,7056]
[120,600,720,961]
[1200,1445,1452,1620]
[1200,3822,4225,5850]
[132,162,242,5577]
[135,432,810,6050]
[1352,2880,2925,4680]
[136,392,425,4624]
[1360,3264,3600,4335]
[14,242,308,539]
[14,49,112,338]
[14,49,50,112]
[1440,2400,2401,3840]
[147,567,1587,2527]
[15,147,175,315]
[15,48,50,90]
[160,288,960,1875]
[162,256,294,1587]
[1650,1859,2178,6348]
[169,192,468,7644]
[175,392,400,1400]
[176,300,363,3564]
[176,484,539,7396]
[18,2523,4350,7424]
[180,588,605,1200]
[1815,3600,3840,4624]
[1815,3969,4225,5415]
[188,2209,2738,4606]
[192,1089,3364,3468]
[192,375,1250,2250]
[192,735,810,1250]
[2,144,294,363]
[20,300,720,867]
[2023,2209,2401,4375]
[2100,2450,2541,4050]
[224,1568,1792,3249]
[2240,2268,2700,6615]
[24,48,49,72]
[240,1875,1922,7290]
[242,286,1300,1859]
[25,336,630,1470]
[25,75,225,363]
[252,528,1617,3388]
[2520,5880,6241,8400]
[2541,5929,6069,9801]
[275,363,507,8019]
[28,192,567,588]
[28,49,126,578]
[2800,2835,3042,4410]
[2835,5290,5292,9450]
[288,2304,2592,5329]
[2880,2900,3364,7105]
[2880,3600,3721,6480]
[289,2754,3332,5618]
[300,484,507,576]
[3146,3276,3675,7098]
[33,450,726,2816]
[338,1458,3481,7744]
[34,441,612,5202]
[35,63,75,735]
[378,700,810,6615]
[39,468,676,4800]
[39,468,676,768]
[3900,4212,4225,4800]
[392,1183,2704,9464]
[392,2312,2601,4624]
[392,576,648,2601]
[396,2992,3468,6171]
[4,242,529,578]
[40,72,75,240]
[414,529,1472,8450]
[42,75,140,4410]
[432,448,1323,9072]
[44,77,98,1694]
[441,784,882,5202]
[448,630,2450,4205]
[4563,5184,5200,5616]
[4719,5577,5733,5819]
[48,144,169,192]
[484,3179,3364,8624]
[49,350,448,578]
[490,700,847,5290]
[5,361,605,1225]
[50,169,196,242]
[507,576,676,2028]
[507,576,832,9984]
[5175,5577,5819,8349]
[520,832,845,1800]
[529,2254,2738,3312]
[529,4508,5566,8450]
[56,3969,5832,9072]
[560,1400,1521,1960]
[6,75,98,144]
[60,490,567,1050]
[605,845,2925,6877]
[625,819,3185,5915]
[66,2475,3630,5120]
[6664,8712,8976,9537]
[738,1681,1682,4100]
[75,121,363,1089]
[8,960,1800,2535]
[810,2700,3267,3610]
[819,3025,3185,5915]
[833,1694,1700,4046]
[92,529,1150,2738]
[92,529,578,1150]
[960,1156,1275,3060]
[960,2352,2800,2835]
[961,3100,3362,5022]
[98,144,147,294]
[99,2645,3025,9295]
