[1,55,99,125]
[2,4,23,46]
[2,46,292,1679]
[2,448,2914,10199]
[3,37,747,9213]
[4,11,16,44]
[4,23,146,3358]
[4,3131,6076,6464]
[5,9,495,891]
[6,36,839,5034]
[6,99,244,4026]
[6,219,3358,13248]
[7,13,203,377]
[7,41,2359,13817]
[8,15,192,360]
[8,17,64,136]
[8,64,161,1288]
[9,21,51,119]
[9,32,2592,9216]
[11,33,39,117]
[11,67,1133,6901]
[12,80,495,3300]
[12,131,144,1572]
[13,27,117,243]
[13,276,624,828]
[14,25,3836,6850]
[14,36,63,162]
[14,116,259,2146]
[16,29,1024,1856]
[16,101,1024,6464]
[17,31,833,1519]
[17,33,255,495]
[17,4208,4471,5329]
[18,33,732,1342]
[18,39,132,286]
[18,57,60,190]
[18,151,324,2718]
[18,158,711,1764]
[18,324,607,10926]
[18,686,4932,8631]
[18,1351,6174,6948]
[20,48,105,252]
[20,225,304,380]
[21,371,3021,8379]
[22,43,308,602]
[22,209,316,3002]
[23,544,4352,6624]
[24,171,704,5016]
[24,551,576,13224]
[25,94,1250,4700]
[25,235,365,3431]
[25,264,936,6864]
[26,47,1924,3478]
[26,49,572,1078]
[26,65,124,310]
[26,2140,5350,10985]
[28,175,2000,12500]
[29,71,145,355]
[31,59,589,1121]
[31,124,836,3344]
[31,217,983,6881]
[31,558,900,2178]
[33,171,341,1767]
[33,253,747,5727]
[33,305,495,4575]
[34,61,4556,8174]
[34,76,221,494]
[36,69,624,1196]
[36,134,2106,7839]
[36,162,542,2439]
[36,439,3042,7902]
[37,275,925,6875]
[38,68,7087,12682]
[38,87,228,522]
[39,182,522,2436]
[40,129,960,3096]
[41,248,328,1984]
[41,256,800,1312]
[41,1808,2809,4633]
[43,77,7267,13013]
[43,116,2236,6032]
[43,295,1505,10325]
[44,79,5456,9796]
[44,80,2431,4420]
[44,81,1584,2916]
[45,87,705,1363]
[46,84,2139,3906]
[46,292,722,1679]
[46,1682,2692,15479]
[47,103,329,721]
[47,208,752,3328]
[50,92,1825,3358]
[50,340,1835,12478]
[50,791,2800,5650]
[50,2116,3431,6862]
[52,69,156,3312]
[53,95,7897,14155]
[53,97,2279,4171]
[56,113,400,6328]
[57,232,1368,5568]
[57,568,1368,13632]
[58,107,1972,3638]
[58,449,1276,9878]
[60,382,450,2865]
[62,113,3100,5650]
[62,188,217,658]
[62,419,2356,15922]
[63,243,2317,8937]
[64,136,225,6664]
[64,248,2248,8711]
[64,344,616,3311]
[65,185,247,703]
[65,247,2825,10735]
[65,275,1261,5335]
[67,80,245,1675]
[67,123,2613,4797]
[68,153,432,972]
[68,882,1854,15759]
[69,477,2323,16059]
[71,129,4047,7353]
[71,2116,3650,10366]
[71,3650,5476,10366]
[72,192,303,808]
[74,151,740,1510]
[75,585,1615,12597]
[76,139,3344,6116]
[76,144,1539,2916]
[77,175,473,1075]
[79,196,882,7742]
[81,153,1719,3247]
[81,207,369,943]
[81,729,1271,11439]
[82,148,6683,12062]
[82,932,943,10718]
[83,167,913,1837]
[86,156,5289,9594]
[86,164,1591,3034]
[87,927,1073,11433]
[88,192,627,1368]
[89,161,6319,11431]
[92,176,1633,3124]
[92,183,1104,2196]
[92,208,575,1300]
[92,805,1520,13300]
[94,171,5076,9234]
[95,121,529,2375]
[95,125,169,931]
[95,209,655,1441]
[95,475,1061,5305]
[98,177,7644,13806]
[99,125,225,12375]
[99,183,3201,5917]
[99,201,1023,2077]
[99,244,4026,5046]
[100,478,1250,5975]
[101,199,1313,2587]
[103,187,6077,11033]
[104,192,3471,6408]
[105,450,1918,8220]
[105,473,1575,7095]
[106,204,1749,3366]
[106,1060,1415,14150]
[110,209,2140,4066]
[110,265,572,1378]
[111,433,3663,14289]
[117,213,6123,11147]
[121,219,8349,15111]
[121,423,729,6768]
[121,1919,3211,4949]
[122,228,3111,5814]
[126,228,8799,15922]
[126,249,1596,3154]
[128,247,2048,3952]
[129,738,1118,6396]
[132,638,1602,7743]
[133,427,437,1403]
[134,316,737,1738]
[137,263,2329,4471]
[140,287,1360,2788]
[142,268,3053,5762]
[143,273,2607,4977]
[144,291,1536,3104]
[144,604,2916,12231]
[144,972,1012,6831]
[145,812,1300,7280]
[146,279,2628,5022]
[148,272,5587,10268]
[152,320,1273,2680]
[152,448,551,1624]
[153,447,561,1639]
[154,341,1036,2294]
[155,345,1023,2277]
[158,292,5135,9490]
[159,954,1286,7716]
[161,345,1239,2655]
[162,333,1548,3182]
[162,468,603,1742]
[164,304,4961,9196]
[164,311,3280,6220]
[164,336,1599,3276]
[169,698,3718,15356]
[169,1271,2009,3751]
[170,527,580,1798]
[171,339,2109,4181]
[172,368,1333,2852]
[173,327,3633,6867]
[176,407,1024,2368]
[176,512,649,1888]
[177,1003,1557,8823]
[178,332,4717,8798]
[180,225,304,3420]
[180,336,4695,8764]
[182,476,793,2074]
[184,576,621,1944]
[185,481,815,2119]
[187,493,803,2117]
[191,359,4393,8257]
[194,356,7663,14062]
[198,372,4587,8618]
[198,492,957,2378]
[200,328,1025,6400]
[203,399,2697,5301]
[206,444,1545,3330]
[207,393,4071,7729]
[207,543,897,2353]
[208,512,1027,2528]
[209,385,7391,13615]
[209,391,5225,9775]
[209,1406,1474,9916]
[212,688,689,2236]
[214,396,6741,12474]
[215,1247,1825,10585]
[217,1008,1519,3481]
[218,407,5668,10582]
[221,425,3679,7075]
[223,1511,1561,10577]
[224,512,1351,3088]
[227,423,6129,11421]
[230,644,895,2506]
[232,448,3683,7112]
[232,899,2368,9176]
[234,444,4641,8806]
[234,516,1599,3526]
[234,591,1092,2758]
[236,439,6608,12292]
[236,464,3127,6148]
[242,508,2057,4318]
[243,477,3267,6413]
[243,495,2457,5005]
[243,513,2007,4237]
[243,657,999,2701]
[243,747,837,2573]
[244,496,2501,5084]
[244,976,2291,9164]
[245,505,2303,4747]
[247,533,1843,3977]
[252,528,2163,4532]
[253,517,2507,5123]
[254,471,7620,14130]
[256,959,1096,2744]
[259,651,1221,3069]
[260,481,8240,15244]
[261,489,6351,11899]
[263,487,8153,15097]
[266,511,4484,8614]
[266,513,4284,8262]
[272,503,8704,16096]
[272,512,6103,11488]
[275,305,9295,10309]
[275,583,2225,4717]
[276,624,828,1573]
[278,572,2641,5434]
[279,310,7290,8100]
[284,816,1065,3060]
[286,884,979,3026]
[287,697,1463,3553]
[288,537,7680,14320]
[288,687,1536,3664]
[290,585,3132,6318]
[290,609,2460,5166]
[296,576,4329,8424]
[296,704,1591,3784]
[299,368,832,1024]
[299,663,2001,4437]
[299,943,1001,3157]
[304,741,1536,3744]
[306,579,6324,11966]
[306,5476,11575,15742]
[308,592,5159,9916]
[314,636,3297,6678]
[315,903,1185,3397]
[316,624,4029,7956]
[320,1024,1055,3376]
[322,763,1748,4142]
[323,799,1577,3901]
[323,855,1377,3645]
[324,639,4176,8236]
[324,720,2151,4780]
[324,801,1584,3916]
[327,981,5291,15873]
[328,832,1517,3848]
[329,623,6721,12727]
[333,627,7437,14003]
[333,2450,11328,13098]
[335,665,4087,8113]
[341,713,2959,6187]
[342,708,3135,6490]
[342,969,1308,3706]
[344,817,1856,4408]
[352,693,4608,9072]
[356,944,1513,4012]
[359,482,718,964]
[364,741,3696,7524]
[365,1135,1241,3859]
[368,713,5632,10912]
[369,831,2337,5263]
[371,412,10388,11536]
[374,759,3876,7866]
[374,1001,1564,4186]
[380,745,5168,10132]
[386,764,4825,9550]
[388,752,5917,11468]
[391,989,1819,4601]
[396,816,3729,7684]
[396,825,3504,7300]
[396,879,2640,5860]
[396,1104,1551,4324]
[406,1189,1484,4346]
[410,1215,1476,4374]
[413,1121,1687,4579]
[414,876,3381,7154]
[416,871,3584,7504]
[416,1209,1536,4464]
[418,1012,2147,5198]
[422,828,5697,11178]
[428,1072,2033,5092]
[434,924,3441,7326]
[442,1428,1443,4662]
[448,987,3072,6768]
[451,506,5494,6164]
[451,869,7339,14141]
[458,892,6641,12934]
[459,527,2673,3069]
[464,1024,3161,6976]
[464,1479,1536,4896]
[468,912,6747,13148]
[468,1392,1677,4988]
[470,905,7708,14842]
[470,1081,2780,6394]
[472,1088,2773,6392]
[473,935,5977,11815]
[473,1177,2279,5671]
[476,1360,1799,5140]
[476,1456,1649,5044]
[477,1023,3657,7843]
[481,949,6179,12191]
[484,5795,9500,15616]
[486,945,7164,13930]
[486,1044,3699,7946]
[486,1089,3132,7018]
[486,1116,2889,6634]
[486,1179,2484,6026]
[486,1188,2439,5962]
[486,1269,2124,5546]
[486,1431,1764,5194]
[486,2556,2889,15194]
[488,1281,2112,5544]
[493,1037,4147,8723]
[494,956,7657,14818]
[494,1159,2756,6466]
[494,1404,1881,5346]
[496,562,2738,8711]
[496,1024,4619,9536]
[504,1239,2496,6136]
[506,1276,2369,5974]
[506,1311,2244,5814]
[511,1099,3869,8321]
[518,1073,4732,9802]
[522,1068,5133,10502]
[529,5191,8381,14499]
[530,1220,3127,7198]
[531,1119,4425,9325]
[533,1079,5617,11371]
[533,1417,2255,5995]
[544,1536,2091,5904]
[545,1455,2289,6111]
[551,1073,7999,15577]
[558,1092,7719,15106]
[558,1167,4836,10114]
[559,1651,2021,5969]
[567,1233,4095,8905]
[572,1232,4303,9268]
[572,1328,3289,7636]
[572,1353,3120,7380]
[574,1211,4756,10034]
[576,648,6152,6921]
[583,1507,2597,6713]
[584,1216,5183,10792]
[585,1209,5415,11191]
[589,1581,2451,6579]
[590,1535,2596,6754]
[592,1813,2048,6272]
[598,1357,3692,8378]
[602,1892,2023,6358]
[612,1200,8313,16300]
[612,1263,5712,11788]
[612,1488,3111,7564]
[624,884,1116,1581]
[627,2871,3401,15573]
[629,1343,4921,10507]
[629,1921,2183,6667]
[632,1817,2368,6808]
[635,1615,2921,7429]
[636,954,1046,1569]
[638,1508,3487,8242]
[639,1311,6177,12673]
[645,1155,3773,9675]
[646,1309,6764,13706]
[646,1349,5644,11786]
[648,1467,4032,9128]
[650,1287,8100,16038]
[656,1353,6144,12672]
[658,1932,2397,7038]
[666,1884,2553,7222]
[667,1653,3243,8037]
[671,1529,4087,9313]
[680,1695,3264,8136]
[682,1683,3348,8262]
[684,766,9234,10341]
[684,1776,3021,7844]
[689,1537,4511,10063]
[697,2173,2363,7367]
[710,1540,5183,11242]
[713,1679,3937,9271]
[713,2015,2737,7735]
[716,1584,4833,10692]
[720,1536,5655,12064]
[720,1905,3072,8128]
[725,1943,3025,8107]
[728,1472,7735,15640]
[728,2247,2496,7704]
[729,1521,6399,13351]
[729,1611,4941,10919]
[729,2025,2871,7975]
[731,1505,6919,14245]
[737,1809,3663,8991]
[752,1536,7473,15264]
[752,2048,3055,8320]
[754,1716,4611,10494]
[759,923,2277,2769]
[763,1547,7957,16133]
[767,1833,4071,9729]
[774,2076,3225,8650]
[776,2425,2624,8200]
[781,1859,4189,9971]
[782,1615,7268,15010]
[782,2193,3036,8514]
[788,1712,5713,12412]
[791,904,5096,5824]
[791,2359,2825,8425]
[792,2013,3648,9272]
[793,2067,3477,9063]
[801,1600,2225,9025]
[806,1860,4719,10890]
[810,1692,7065,14758]
[814,1716,6771,14274]
[815,1935,4401,10449]
[819,2301,3171,8909]
[828,2001,4272,10324]
[830,2241,3420,9234]
[831,1108,1692,2256]
[833,2529,4496,4913]
[836,1767,6864,14508]
[836,2128,3839,9772]
[836,2489,2992,8908]
[854,2471,3172,9178]
[855,2145,4047,10153]
[860,2015,4816,11284]
[860,2640,2967,9108]
[868,2077,4592,10988]
[869,1881,6399,13851]
[874,2356,3611,9734]
[884,1872,7191,15228]
[884,2041,5168,11932]
[890,1860,7743,16182]
[891,1342,1458,2196]
[891,1899,7029,14981]
[902,1980,6273,13770]
[902,2911,2948,9514]
[905,2095,5249,12151]
[917,2583,3537,9963]
[920,2047,6080,13528]
[923,2201,4927,11749]
[924,1078,4122,4809]
[928,2117,5632,12848]
[932,1968,7689,16236]
[936,2112,5889,13288]
[936,2847,3264,9928]
[939,1062,8138,9204]
[944,1180,2420,3025]
[944,2065,6656,14560]
[946,2709,3564,10206]
[950,2812,3425,10138]
[962,2236,5513,12814]
[962,2775,3588,10350]
[972,2133,6768,14852]
[972,2295,5328,12580]
[972,2448,4563,11492]
[972,2736,3753,10564]
[972,3024,3303,10276]
[975,1170,3230,3876]
[979,2211,6141,13869]
[986,2407,4964,12118]
[986,2652,4089,10998]
[990,2244,6135,13906]
[990,2607,4260,11218]
[992,2511,4608,11664]
[992,2560,4433,11440]
[995,2255,6169,13981]
[1001,2249,6391,14359]
[1003,2907,3717,10773]
[1007,2793,3975,11025]
[1008,3072,3507,10688]
[1010,2929,3740,10846]
[1022,2409,5628,13266]
[1027,2483,5293,12797]
[1034,2820,4191,11430]
[1037,2257,7463,16243]
[1040,2335,6656,14944]
[1043,2807,4321,11629]
[1044,2697,4656,12028]
[1053,3393,3447,11107]
[1054,2516,5611,13394]
[1066,2829,4524,12006]
[1081,3149,3979,11591]
[1088,2737,5120,12880]
[1098,2652,5673,13702]
[1100,1510,2090,2869]
[1102,3363,3828,11682]
[1106,2919,4740,12510]
[1116,2544,6789,15476]
[1127,3473,3871,11929]
[1133,3193,4367,12307]
[1136,1300,7100,8125]
[1136,2704,6976,7739]
[1144,2691,6336,14904]
[1157,2937,5343,13563]
[1159,1364,4636,5456]
[1162,2828,5893,14342]
[1168,3072,5037,13248]
[1169,3031,5177,13423]
[1175,3807,3825,12393]
[1178,3097,5084,13366]
[1208,3392,4681,13144]
[1220,3280,5063,13612]
[1224,3621,4416,13064]
[1232,3143,5632,14368]
[1241,3009,6351,15399]
[1247,3655,4553,13345]
[1251,1620,2780,3600]
[1258,2997,6732,16038]
[1271,2480,10000,13120]
[1271,3567,4929,13833]
[1273,3667,4757,13703]
[1275,1480,6120,7104]
[1276,3344,5539,14516]
[1287,3135,6513,15865]
[1287,3471,5313,14329]
[1296,3879,4608,13792]
[1298,3652,5015,14110]
[1333,3397,6107,15563]
[1334,3841,4988,14362]
[1342,4268,4453,14162]
[1344,1672,3528,4389]
[1349,3401,6319,15931]
[1352,3648,5577,15048]
[1356,1602,5198,6141]
[1358,3367,6596,16354]
[1369,1711,2349,9971]
[1370,4380,4521,14454]
[1379,1666,4334,5236]
[1386,4179,4884,14726]
[1391,3745,5759,15505]
[1400,4225,4928,14872]
[1458,4167,5508,15742]
[1476,4305,5424,15820]
[1508,2726,4186,7567]
[1508,4784,5017,15916]
[1529,4865,5071,16135]
[1534,4661,5356,16274]
[1559,1805,7795,9025]
[1583,3166,3746,7492]
[1600,1880,6520,7661]
[1625,3100,7750,13754]
[1724,2586,8934,13401]
[1875,2475,3925,5181]
[1959,2246,11754,13476]
[2031,3015,3385,5025]
[2236,2810,5590,7025]
[2489,4446,7074,12636]
[2926,4543,8132,12626]
[2975,4165,5435,7609]
[3059,4655,4945,7525]
[3266,6143,6532,12286]
[3339,3969,12031,14301]
[3591,4617,8183,10521]
[3724,4802,8398,10829]
[3836,4574,13426,16009]
[3879,4741,11259,13761]
[4011,5733,7067,10101]
[4144,5948,7252,10409]
[4431,5661,10339,13209]
[4699,6350,9250,12500]
[4731,6289,9711,12909]
[4975,7640,7960,12224]
[5219,6613,12587,15949]
[5874,6853,7308,8526]
[6391,9130,11270,16100]
[6475,9620,10780,16016]
